0 0.70859375 0.10703125 0.03984375 0.0640625
0 0.7375 0.13671875 0.046875 0.08203125
0 0.76640625 0.1875 0.06015625 0.0953125
0 0.80546875 0.2640625 0.084375 0.12890625
0 0.85546875 0.44453125 0.13125 0.2046875
0 0.91796875 0.85 0.1625 0.2953125
0 0.52421875 0.0859375 0.02890625 0.05546875
0 0.5046875 0.115625 0.0359375 0.06015625
0 0.47890625 0.153125 0.046875 0.08203125
0 0.44453125 0.21796875 0.06015625 0.10703125
0 0.371875 0.3421875 0.0890625 0.153125
0 0.20234375 0.60234375 0.15078125 0.24921875