0 0.27890625 0.10703125 0.03359375 0.0640625
0 0.25 0.13203125 0.04921875 0.0796875
0 0.22109375 0.18359375 0.0578125 0.10234375
0 0.1921875 0.25234375 0.078125 0.12421875
0 0.1609375 0.41875 0.115625 0.1890625
0 0.10546875 0.7734375 0.19765625 0.3203125
0 0.45703125 0.0859375 0.02890625 0.05078125
0 0.47109375 0.1109375 0.0359375 0.06015625
0 0.49296875 0.15 0.04453125 0.078125
0 0.5265625 0.20859375 0.05546875 0.09765625
0 0.59296875 0.32421875 0.07578125 0.146875
0 0.7359375 0.5421875 0.12890625 0.221875