0 0.55 0.3203125 0.0265625 0.03984375
0 0.51015625 0.29453125 0.02421875 0.046875
0 0.45234375 0.29453125 0.03125 0.05546875
0 0.3703125 0.29140625 0.0359375 0.06015625
0 0.2640625 0.28203125 0.04453125 0.07109375
0 0.16796875 0.29453125 0.0625 0.0953125
0 0.0640625 0.36796875 0.08671875 0.13359375
0 0.66328125 0.3796875 0.02890625 0.0421875
0 0.6875 0.4140625 0.03125 0.046875
0 0.68984375 0.44921875 0.0421875 0.0640625
0 0.7109375 0.5046875 0.05078125 0.08203125
0 0.76640625 0.60703125 0.0640625 0.10703125
0 0.8921875 0.803125 0.09296875 0.1578125