0 0.28125 0.071875 0.0359375 0.06015625
0 0.2546875 0.10234375 0.046875 0.07578125
0 0.2234375 0.15 0.0578125 0.0953125
0 0.20234375 0.221875 0.078125 0.1203125
0 0.17109375 0.371875 0.1109375 0.1796875
0 0.10546875 0.71796875 0.1953125 0.30703125
0 0.47109375 0.08125 0.0359375 0.0640625
0 0.48984375 0.115625 0.046875 0.078125
0 0.52421875 0.17578125 0.05546875 0.09765625
0 0.5890625 0.28671875 0.078125 0.1359375
0 0.71875 0.49140625 0.12890625 0.21328125
0 0.45703125 0.05078125 0.02890625 0.046875