0 0.76640625 0.05546875 0.046875 0.06875
0 0.79765625 0.0859375 0.046875 0.08671875
0 0.8265625 0.13671875 0.0578125 0.09765625
0 0.85078125 0.20546875 0.078125 0.12890625
0 0.884375 0.36796875 0.11328125 0.184375
0 0.93203125 0.70859375 0.13125 0.31796875
0 0.58671875 0.034375 0.0265625 0.05078125
0 0.57421875 0.06875 0.0359375 0.0640625
0 0.553125 0.10234375 0.0421875 0.08203125
0 0.52109375 0.1578125 0.05546875 0.09765625
0 0.4640625 0.26875 0.078125 0.13984375
0 0.34296875 0.47421875 0.12421875 0.21328125
0 0.071875 0.93046875 0.14375 0.1234375