0 0.5140625 0.1578125 0.0203125 0.0421875
0 0.4734375 0.15 0.02421875 0.046875
0 0.4234375 0.13671875 0.0265625 0.046875
0 0.35078125 0.14140625 0.03125 0.05546875
0 0.2625 0.13203125 0.03359375 0.06015625
0 0.1921875 0.13671875 0.046875 0.078125
0 0.13671875 0.1796875 0.0578125 0.0890625
0 0.04140625 0.24296875 0.08203125 0.12421875
0 0.62421875 0.26875 0.0421875 0.06875
0 0.653125 0.32890625 0.04921875 0.08671875
0 0.6921875 0.40546875 0.0640625 0.10703125
0 0.76015625 0.5640625 0.09765625 0.1578125
0 0.915625 0.86796875 0.153125 0.25078125