0 0.56015625 0.10234375 0.02421875 0.03984375
0 0.51640625 0.08984375 0.021875 0.0421875
0 0.46875 0.08984375 0.0265625 0.046875
0 0.39921875 0.0859375 0.02890625 0.05078125
0 0.3203125 0.08125 0.03359375 0.05546875
0 0.25234375 0.0859375 0.03984375 0.06875
0 0.196875 0.12421875 0.053125 0.0796875
0 0.12421875 0.1796875 0.07109375 0.1109375
0 0.0265625 0.303125 0.04921875 0.17109375
0 0.65859375 0.20546875 0.0421875 0.0640625
0 0.6875 0.25234375 0.046875 0.08671875
0 0.7140625 0.32421875 0.06015625 0.09765625
0 0.76640625 0.4578125 0.08671875 0.146875
0 0.903125 0.6921875 0.13359375 0.221875