0 0.5890625 0.303125 0.03125 0.0421875
0 0.59140625 0.35 0.0359375 0.06875
0 0.59921875 0.32421875 0.0265625 0.046875
0 0.60078125 0.40234375 0.046875 0.078125
0 0.646875 0.4703125 0.05546875 0.09765625
0 0.73125 0.62421875 0.07578125 0.13359375
0 0.8890625 0.91015625 0.14453125 0.16640625
0 0.4640625 0.24765625 0.0265625 0.0421875
0 0.41796875 0.221875 0.0265625 0.046875
0 0.3578125 0.21796875 0.03125 0.05546875
0 0.27109375 0.20546875 0.0375 0.0640625
0 0.16328125 0.21328125 0.04921875 0.0734375
0 0.0625 0.221875 0.0625 0.10234375