0 0.47578125 0.0859375 0.03125 0.05546875
0 0.49296875 0.115625 0.0359375 0.0640625
0 0.51640625 0.153125 0.0421875 0.08203125
0 0.553125 0.221875 0.0578125 0.10234375
0 0.62421875 0.346875 0.08671875 0.15078125
0 0.7953125 0.60234375 0.15078125 0.253125
0 0.29140625 0.10703125 0.03984375 0.06875
0 0.26015625 0.13671875 0.04921875 0.08203125
0 0.23359375 0.1875 0.06015625 0.10234375
0 0.1921875 0.2640625 0.08203125 0.12890625
0 0.1421875 0.43984375 0.12890625 0.20703125
0 0.07890625 0.85 0.1578125 0.29140625