0 0.4296875 0.16640625 0.03359375 0.05546875
0 0.39921875 0.16640625 0.03359375 0.05546875
0 0.39921875 0.221875 0.03984375 0.06015625
0 0.39453125 0.346875 0.04453125 0.0640625
0 0.3921875 0.41015625 0.053125 0.09765625
0 0.37578125 0.5046875 0.06875 0.12421875
0 0.34296875 0.7390625 0.1109375 0.19296875
0 0.6390625 0.20546875 0.046875 0.08203125
0 0.63203125 0.3890625 0.053125 0.08203125
0 0.646875 0.4703125 0.06640625 0.115625
0 0.76015625 0.6578125 0.1046875 0.17578125
0 0.84296875 0.928125 0.17578125 0.13359375