0 0.15078125 0.63671875 0.14921875 0.23984375
0 0.571875 0.21328125 0.021875 0.02890625
0 0.5359375 0.20546875 0.021875 0.0359375
0 0.48984375 0.20078125 0.0265625 0.0421875
0 0.4296875 0.196875 0.02890625 0.05078125
0 0.3609375 0.1921875 0.03125 0.05078125
0 0.31015625 0.20078125 0.0359375 0.06015625
0 0.27109375 0.2265625 0.0421875 0.0734375
0 0.22109375 0.26875 0.0625 0.10234375
0 0.1390625 0.384375 0.09140625 0.146875
0 0.64921875 0.28203125 0.03125 0.0421875
0 0.6609375 0.3078125 0.03359375 0.05546875
0 0.6859375 0.35 0.03984375 0.07109375
0 0.71875 0.4140625 0.053125 0.084375
0 0.76875 0.52578125 0.07578125 0.1203125
0 0.878125 0.721875 0.1109375 0.1796875