0 0.29765625 0.2640625 0.05546875 0.10703125
0 0.06875 0.6203125 0.1375 0.31796875
0 0.28359375 0.0765625 0.03125 0.05546875
0 0.29140625 0.1875 0.0359375 0.05546875
0 0.271875 0.20546875 0.04453125 0.06875
0 0.23984375 0.2359375 0.05078125 0.0734375
0 0.25 0.28671875 0.07109375 0.115625
0 0.1703125 0.37578125 0.10859375 0.16640625
0 0.4421875 0.115625 0.0265625 0.0421875
0 0.47109375 0.2359375 0.03984375 0.06875
0 0.48125 0.278125 0.053125 0.0890625
0 0.5390625 0.3421875 0.06875 0.1203125
0 0.60859375 0.43984375 0.1 0.17109375
0 0.7625 0.6921875 0.1734375 0.2953125