0 0.3203125 0.371875 0.09140625 0.153125
0 0.57421875 0.0859375 0.021875 0.03984375
0 0.5390625 0.0765625 0.02421875 0.0359375
0 0.4953125 0.08125 0.02421875 0.0421875
0 0.4359375 0.08125 0.02890625 0.0421875
0 0.365625 0.08984375 0.03125 0.05078125
0 0.3140625 0.10234375 0.0359375 0.05546875
0 0.2890625 0.13671875 0.04453125 0.07109375
0 0.2453125 0.18359375 0.05546875 0.09765625
0 0.1875 0.2640625 0.0796875 0.12890625
0 0.0640625 0.428125 0.12421875 0.18671875
0 0.65078125 0.1625 0.03359375 0.05546875
0 0.6734375 0.1921875 0.0421875 0.0640625
0 0.69453125 0.24765625 0.046875 0.0796875
0 0.72890625 0.32890625 0.0640625 0.10703125
0 0.80546875 0.44453125 0.09296875 0.15078125
0 0.928125 0.70859375 0.1375 0.2265625
0 0.6390625 0.13671875 0.02890625 0.0421875