0 0.478125 0.7640625 0.11796875 0.21796875
0 0.48359375 0.1625 0.02890625 0.05078125
0 0.5125 0.17109375 0.02890625 0.046875
0 0.5046875 0.20859375 0.03359375 0.06015625
0 0.51015625 0.31640625 0.0375 0.06015625
0 0.5 0.3546875 0.04453125 0.0734375
0 0.4859375 0.41015625 0.053125 0.0890625
0 0.51875 0.52578125 0.07109375 0.12890625
0 0.58671875 0.7734375 0.10859375 0.20234375
0 0.29765625 0.13203125 0.03984375 0.0640625
0 0.3125 0.29140625 0.046875 0.0734375
0 0.315625 0.346875 0.05546875 0.09140625
0 0.21328125 0.40546875 0.0734375 0.1203125
0 0.14921875 0.55078125 0.1109375 0.16640625