0 0.42578125 0.13671875 0.0578125 0.10234375
0 0.41796875 0.05078125 0.0359375 0.06015625
0 0.54296875 0.046875 0.03984375 0.06015625
0 0.55546875 0.0859375 0.05078125 0.0734375
0 0.5625 0.153125 0.0625 0.1109375
0 0.58671875 0.28203125 0.08671875 0.153125
0 0.6875 0.52578125 0.14453125 0.253125
0 0.36328125 0.14140625 0.053125 0.09140625
0 0.3140625 0.2359375 0.0734375 0.12421875
0 0.23125 0.08984375 0.02890625 0.05546875
0 0.23125 0.43984375 0.1203125 0.20234375
0 0.0625 0.91875 0.121875 0.14921875