0 0.44453125 0.2609375 0.04921875 0.084375
0 0.44921875 0.18359375 0.03359375 0.05546875
0 0.5625 0.1796875 0.03125 0.05546875
0 0.578125 0.20546875 0.04453125 0.07109375
0 0.578125 0.2640625 0.05546875 0.084375
0 0.58671875 0.36796875 0.07109375 0.12890625
0 0.64921875 0.5421875 0.1109375 0.19296875
0 0.86796875 0.91875 0.2203125 0.153125
0 0.39921875 0.2640625 0.04453125 0.084375
0 0.35703125 0.346875 0.0625 0.1109375
0 0.29765625 0.5 0.09296875 0.153125
0 0.184375 0.86328125 0.16640625 0.2640625