0 0.29765625 0.2640625 0.06015625 0.10234375
0 0.43984375 0.1203125 0.0265625 0.046875
0 0.42109375 0.08984375 0.02421875 0.046875
0 0.4546875 0.21328125 0.03125 0.05546875
0 0.47109375 0.2359375 0.0359375 0.06875
0 0.48125 0.28203125 0.05078125 0.09140625
0 0.5390625 0.3421875 0.06875 0.12421875
0 0.6078125 0.43984375 0.09765625 0.17109375
0 0.7625 0.6921875 0.17578125 0.2953125
0 0.28359375 0.08125 0.03125 0.05546875
0 0.29296875 0.1875 0.03984375 0.05546875
0 0.27109375 0.20546875 0.03984375 0.06875
0 0.23984375 0.2359375 0.05546875 0.0796875
0 0.25 0.29140625 0.07109375 0.1109375
0 0.17109375 0.37578125 0.10703125 0.17109375
0 0.0703125 0.62421875 0.1359375 0.3109375