0 0.33671875 0.24296875 0.0625 0.10703125
0 0.328125 0.046875 0.03125 0.05546875
0 0.346875 0.1578125 0.0375 0.06875
0 0.31796875 0.196875 0.046875 0.0890625
0 0.2578125 0.25703125 0.0734375 0.1203125
0 0.23984375 0.36796875 0.10859375 0.184375
0 0.03671875 0.64140625 0.0734375 0.32890625
0 0.48125 0.0859375 0.0265625 0.046875
0 0.4609375 0.06015625 0.021875 0.05078125
0 0.4921875 0.16640625 0.0265625 0.046875
0 0.5125 0.20546875 0.04453125 0.078125
0 0.53125 0.24765625 0.0578125 0.08671875
0 0.553125 0.303125 0.06875 0.12421875
0 0.59453125 0.41875 0.1046875 0.184375
0 0.72109375 0.65 0.184375 0.3203125