0 0.4109375 0.303125 0.0640625 0.1109375
0 0.7453125 0.721875 0.1421875 0.2359375
0 0.578125 0.13671875 0.03125 0.05546875
0 0.553125 0.02578125 0.0265625 0.046875
0 0.5703125 0.16640625 0.0375 0.06015625
0 0.565625 0.2265625 0.046875 0.078125
0 0.584375 0.29921875 0.06015625 0.10703125
0 0.6390625 0.428125 0.08671875 0.146875
0 0.38671875 0.02109375 0.03125 0.0421875
0 0.39140625 0.14140625 0.03359375 0.05546875
0 0.403125 0.1625 0.03984375 0.0640625
0 0.38671875 0.20859375 0.046875 0.078125
0 0.37109375 0.278125 0.05546875 0.09765625
0 0.33671875 0.41015625 0.0796875 0.13359375
0 0.29765625 0.64140625 0.12421875 0.2046875