0 0.4109375 0.2734375 0.0625 0.1109375
0 0.571875 0.09453125 0.03359375 0.06015625
0 0.56796875 0.12421875 0.0359375 0.06875
0 0.5703125 0.1796875 0.046875 0.08203125
0 0.57421875 0.26875 0.0625 0.1109375
0 0.61796875 0.4140625 0.0890625 0.153125
0 0.75 0.70859375 0.146875 0.24921875
0 0.42109375 0.09453125 0.03359375 0.05546875
0 0.40703125 0.1203125 0.03984375 0.06875
0 0.38671875 0.16640625 0.046875 0.0796875
0 0.36796875 0.24765625 0.0578125 0.10703125
0 0.3140625 0.3796875 0.084375 0.146875
0 0.25234375 0.6203125 0.1359375 0.21796875