0 0.39140625 0.25546875 0.078125 0.13359375
0 0.58671875 0.05078125 0.0375 0.05546875
0 0.596875 0.08984375 0.03984375 0.05546875
0 0.60859375 0.12421875 0.04453125 0.06875
0 0.6109375 0.20546875 0.0578125 0.1
0 0.615625 0.32421875 0.078125 0.13984375
0 0.65078125 0.5296875 0.115625 0.2046875
0 0.7953125 0.953125 0.19140625 0.08203125
0 0.4109375 0.05546875 0.03984375 0.05546875
0 0.42578125 0.103125 0.04453125 0.078125
0 0.384375 0.1546875 0.053125 0.0890625
0 0.3296875 0.23203125 0.07109375 0.1203125
0 0.29765625 0.40078125 0.10859375 0.184375
0 0.1296875 0.834375 0.2109375 0.31328125