0 0.3890625 0.25703125 0.078125 0.13359375
0 0.5890625 0.05078125 0.0359375 0.05546875
0 0.596875 0.08984375 0.03984375 0.05546875
0 0.6078125 0.12421875 0.04453125 0.06875
0 0.6109375 0.20546875 0.0578125 0.09765625
0 0.615625 0.32421875 0.078125 0.13984375
0 0.65078125 0.5296875 0.115625 0.2046875
0 0.7953125 0.953125 0.1890625 0.08203125
0 0.4109375 0.05546875 0.03984375 0.05546875
0 0.42578125 0.10234375 0.04453125 0.07578125
0 0.384375 0.153125 0.053125 0.0890625
0 0.32890625 0.23125 0.07109375 0.1203125
0 0.29765625 0.40234375 0.10703125 0.184375
0 0.1296875 0.8375 0.20703125 0.31796875