0 0.48359375 0.59453125 0.09140625 0.1625
0 0.396875 0.13671875 0.0359375 0.06015625
0 0.3890625 0.2734375 0.03984375 0.06015625
0 0.3921875 0.303125 0.04453125 0.07109375
0 0.353125 0.36328125 0.0578125 0.0953125
0 0.3265625 0.4578125 0.07578125 0.12890625
0 0.2109375 0.6578125 0.12421875 0.2046875
0 0.5625 0.15 0.0265625 0.046875
0 0.58671875 0.1625 0.02890625 0.046875
0 0.58203125 0.196875 0.03125 0.05546875
0 0.57421875 0.28671875 0.03125 0.05078125
0 0.58203125 0.32890625 0.0421875 0.0640625
0 0.59140625 0.384375 0.046875 0.08203125
0 0.57421875 0.453125 0.06015625 0.10703125
0 0.64453125 0.63671875 0.09140625 0.1625
0 0.821875 0.9234375 0.1578125 0.146875