0 0.41796875 0.17578125 0.053125 0.0953125
0 0.35859375 0.18359375 0.053125 0.09140625
0 0.3203125 0.2609375 0.06875 0.115625
0 0.25 0.4359375 0.10703125 0.17578125
0 0.11796875 0.85 0.2046875 0.29140625
0 0.41796875 0.10234375 0.03984375 0.0640625
0 0.53671875 0.08984375 0.0375 0.0640625
0 0.55078125 0.1203125 0.046875 0.07109375
0 0.553125 0.18359375 0.0578125 0.10234375
0 0.56796875 0.29140625 0.0796875 0.1375
0 0.6390625 0.47421875 0.121875 0.20859375
0 0.8890625 0.91015625 0.21796875 0.17109375