0 0.478125 0.81640625 0.13125 0.2359375
0 0.62109375 0.153125 0.03984375 0.0640625
0 0.59921875 0.3078125 0.04453125 0.06875
0 0.603125 0.36796875 0.053125 0.0890625
0 0.68203125 0.44921875 0.07109375 0.115625
0 0.78359375 0.58984375 0.10859375 0.17578125
0 0.95859375 0.93125 0.0796875 0.12890625
0 0.43671875 0.1625 0.03125 0.0421875
0 0.4078125 0.16640625 0.03125 0.05078125
0 0.415625 0.21328125 0.03359375 0.06015625
0 0.4078125 0.31640625 0.0375 0.05546875
0 0.4203125 0.3546875 0.0421875 0.06875
0 0.4203125 0.4140625 0.05546875 0.0953125
0 0.40078125 0.534375 0.07578125 0.1265625
0 0.2953125 0.8125 0.12421875 0.221875