0 0.75 0.43125 0.10234375 0.17109375
0 0.37578125 0.17578125 0.03125 0.046875
0 0.371875 0.20546875 0.03125 0.05078125
0 0.35078125 0.2359375 0.0359375 0.06015625
0 0.3140625 0.29140625 0.04921875 0.08203125
0 0.28125 0.36796875 0.0625 0.10703125
0 0.21640625 0.49140625 0.0890625 0.146875
0 0.09921875 0.7265625 0.1375 0.221875
0 0.45 0.128125 0.021875 0.0375
0 0.4859375 0.1203125 0.02421875 0.03125
0 0.53125 0.12421875 0.02421875 0.046875
0 0.59140625 0.12421875 0.02890625 0.046875
0 0.65703125 0.128125 0.03125 0.046875
0 0.7046875 0.13671875 0.03125 0.06015625
0 0.73125 0.16640625 0.0421875 0.0734375
0 0.77109375 0.21796875 0.05546875 0.09765625
0 0.85078125 0.29921875 0.08203125 0.12890625
0 0.9546875 0.48671875 0.08671875 0.1890625