0 0.47890625 0.615625 0.09296875 0.16640625
0 0.52421875 0.1625 0.02421875 0.05078125
0 0.55 0.16640625 0.02890625 0.0421875
0 0.5453125 0.20546875 0.03125 0.05546875
0 0.53359375 0.29921875 0.03359375 0.05078125
0 0.5390625 0.32890625 0.03984375 0.05546875
0 0.5390625 0.384375 0.046875 0.078125
0 0.5390625 0.4703125 0.06015625 0.10703125
0 0.59140625 0.64140625 0.09140625 0.1625
0 0.7546875 0.94921875 0.14921875 0.09140625
0 0.35546875 0.1625 0.03359375 0.0640625
0 0.36796875 0.29140625 0.0375 0.05546875
0 0.365625 0.3421875 0.046875 0.08203125
0 0.29765625 0.39296875 0.06015625 0.10234375
0 0.23984375 0.49140625 0.08203125 0.1265625
0 0.153125 0.7390625 0.1359375 0.21796875