0 0.56015625 0.28671875 0.07109375 0.13359375
0 0.3890625 0.1203125 0.03984375 0.05546875
0 0.3796875 0.1578125 0.04453125 0.06875
0 0.384375 0.221875 0.05546875 0.0890625
0 0.371875 0.33359375 0.078125 0.13359375
0 0.32421875 0.5390625 0.11328125 0.2
0 0.2359375 0.94453125 0.1890625 0.10234375
0 0.5765625 0.08125 0.0359375 0.06015625
0 0.56796875 0.1203125 0.0421875 0.078125
0 0.59921875 0.17578125 0.053125 0.08671875
0 0.61796875 0.24765625 0.0640625 0.115625
0 0.66796875 0.428125 0.1046875 0.17578125
0 0.78125 0.721875 0.178125 0.29765625