0 0.646875 0.89296875 0.14921875 0.20859375
0 0.4546875 0.196875 0.02890625 0.05078125
0 0.42578125 0.20078125 0.02890625 0.046875
0 0.43203125 0.24296875 0.03359375 0.06015625
0 0.446875 0.35859375 0.0359375 0.06875
0 0.415625 0.40234375 0.0421875 0.07109375
0 0.40859375 0.4703125 0.0578125 0.09765625
0 0.3921875 0.59453125 0.08203125 0.1421875
0 0.3265625 0.91875 0.146875 0.153125
0 0.646875 0.20078125 0.03984375 0.06875
0 0.615625 0.36796875 0.046875 0.078125
0 0.6390625 0.4234375 0.05546875 0.09765625
0 0.70703125 0.50859375 0.07578125 0.12421875
0 0.83671875 0.70078125 0.1203125 0.19296875