0 0.478125 0.7640625 0.11796875 0.21328125
0 0.5890625 0.76875 0.1109375 0.2046875
0 0.48359375 0.1625 0.03125 0.05078125
0 0.51015625 0.17109375 0.03125 0.046875
0 0.5046875 0.20859375 0.03125 0.05546875
0 0.51015625 0.31640625 0.03359375 0.06015625
0 0.5 0.3546875 0.0375 0.0734375
0 0.4859375 0.41015625 0.053125 0.0953125
0 0.51875 0.52109375 0.07109375 0.1203125
0 0.29765625 0.13203125 0.0421875 0.06875
0 0.3125 0.29140625 0.0421875 0.06875
0 0.315625 0.346875 0.053125 0.08671875
0 0.21640625 0.41015625 0.07578125 0.115625
0 0.14921875 0.55078125 0.1109375 0.17109375