0 0.57890625 0.17578125 0.053125 0.09140625
0 0.7546875 0.14140625 0.03984375 0.0734375
0 0.63671875 0.18359375 0.053125 0.0796875
0 0.678125 0.2640625 0.06640625 0.115625
0 0.7453125 0.4359375 0.1046875 0.17109375
0 0.88203125 0.85 0.2 0.2953125
0 0.57890625 0.10234375 0.03359375 0.0640625
0 0.45859375 0.08984375 0.0359375 0.0640625
0 0.446875 0.1203125 0.04453125 0.07109375
0 0.44453125 0.18359375 0.0578125 0.10234375
0 0.4296875 0.29140625 0.078125 0.1421875
0 0.3609375 0.47890625 0.11796875 0.20703125
0 0.1078125 0.91015625 0.215625 0.16640625