0 0.51640625 0.59453125 0.09140625 0.1578125
0 0.60078125 0.13671875 0.0359375 0.06015625
0 0.60546875 0.26875 0.03984375 0.05546875
0 0.60546875 0.303125 0.046875 0.07109375
0 0.64453125 0.36796875 0.0578125 0.0890625
0 0.6734375 0.4578125 0.078125 0.12421875
0 0.78359375 0.6578125 0.12421875 0.2046875
0 0.4359375 0.153125 0.02890625 0.0421875
0 0.4109375 0.1625 0.02890625 0.0375
0 0.41328125 0.196875 0.03125 0.05546875
0 0.4234375 0.29140625 0.03359375 0.05546875
0 0.41796875 0.32421875 0.0375 0.06015625
0 0.40703125 0.384375 0.04921875 0.078125
0 0.4234375 0.453125 0.0625 0.10703125
0 0.353125 0.63671875 0.09296875 0.1578125
0 0.178125 0.9234375 0.153125 0.146875