0 0.153125 0.64140625 0.15078125 0.2359375
0 0.646875 0.28203125 0.02890625 0.0421875
0 0.6609375 0.3125 0.03359375 0.05546875
0 0.6859375 0.35 0.0421875 0.06875
0 0.71875 0.4140625 0.05546875 0.084375
0 0.76875 0.5296875 0.07578125 0.115625
0 0.8796875 0.721875 0.11328125 0.17578125
0 0.57421875 0.21328125 0.02421875 0.0359375
0 0.5359375 0.20546875 0.021875 0.0375
0 0.48984375 0.20078125 0.02421875 0.0421875
0 0.4296875 0.196875 0.02890625 0.046875
0 0.3578125 0.1921875 0.03125 0.046875
0 0.31015625 0.20078125 0.03984375 0.0640625
0 0.27109375 0.2265625 0.0421875 0.0734375
0 0.21875 0.2734375 0.0625 0.10234375
0 0.1390625 0.3890625 0.09140625 0.15078125