0 0.33671875 0.2390625 0.0625 0.10234375
0 0.48125 0.0859375 0.0265625 0.046875
0 0.5125 0.20546875 0.0421875 0.07109375
0 0.53125 0.24296875 0.05546875 0.08671875
0 0.55546875 0.303125 0.07109375 0.115625
0 0.59296875 0.41875 0.10234375 0.1796875
0 0.71875 0.65 0.1890625 0.3203125
0 0.34296875 0.1578125 0.0421875 0.06875
0 0.31796875 0.1875 0.046875 0.078125
0 0.25703125 0.25234375 0.07578125 0.1203125
0 0.23984375 0.371875 0.1109375 0.1796875
0 0.0375 0.6421875 0.075 0.328125
0 0.32421875 0.0421875 0.02890625 0.05078125