0 0.66328125 0.24296875 0.06015625 0.10234375
0 0.653125 0.1578125 0.03984375 0.06015625
0 0.68203125 0.196875 0.046875 0.08671875
0 0.73984375 0.25703125 0.07578125 0.12421875
0 0.75703125 0.371875 0.10703125 0.1796875
0 0.9609375 0.6453125 0.0734375 0.32421875
0 0.67109375 0.05078125 0.02890625 0.05078125
0 0.5140625 0.0859375 0.03125 0.03984375
0 0.48359375 0.20078125 0.04453125 0.06875
0 0.46640625 0.25234375 0.05546875 0.0953125
0 0.4421875 0.303125 0.07109375 0.1203125
0 0.403125 0.4234375 0.10234375 0.17578125
0 0.2765625 0.65 0.18671875 0.32421875