0 0.51875 0.76875 0.11796875 0.21796875
0 0.7 0.13671875 0.03984375 0.07109375
0 0.6875 0.29140625 0.04453125 0.06875
0 0.6796875 0.35 0.053125 0.08671875
0 0.78125 0.41015625 0.0734375 0.115625
0 0.846875 0.546875 0.10859375 0.16640625
0 0.5140625 0.1625 0.03125 0.046875
0 0.4859375 0.17109375 0.03125 0.05078125
0 0.49296875 0.20859375 0.03359375 0.05546875
0 0.4875 0.31640625 0.0359375 0.05546875
0 0.49765625 0.3546875 0.0421875 0.06875
0 0.5125 0.41015625 0.053125 0.0953125
0 0.47890625 0.52109375 0.06875 0.12421875
0 0.4109375 0.7734375 0.10859375 0.20703125