0 0.48359375 0.3125 0.046875 0.07109375
0 0.48359375 0.24765625 0.03359375 0.046875
0 0.58671875 0.24765625 0.03359375 0.05078125
0 0.59921875 0.2734375 0.0421875 0.06015625
0 0.603125 0.32890625 0.046875 0.078125
0 0.6109375 0.41015625 0.0640625 0.1109375
0 0.66796875 0.55078125 0.0953125 0.16640625
0 0.8296875 0.86328125 0.178125 0.26015625
0 0.334375 0.2734375 0.03359375 0.06015625
0 0.434375 0.3203125 0.0421875 0.078125
0 0.41328125 0.384375 0.053125 0.0953125
0 0.37578125 0.5 0.0796875 0.13359375
0 0.28671875 0.74765625 0.1265625 0.221875