0 0.553125 0.2609375 0.05078125 0.084375
0 0.5453125 0.1875 0.0359375 0.05546875
0 0.4359375 0.1796875 0.03359375 0.05078125
0 0.42109375 0.20078125 0.0421875 0.05546875
0 0.41796875 0.2640625 0.053125 0.0953125
0 0.4109375 0.36796875 0.07578125 0.12421875
0 0.34921875 0.5421875 0.1109375 0.1953125
0 0.12421875 0.9234375 0.221875 0.15078125
0 0.59921875 0.26875 0.0421875 0.08203125
0 0.71875 0.23125 0.03359375 0.07109375
0 0.6390625 0.346875 0.0625 0.10234375
0 0.696875 0.5 0.09296875 0.1578125
0 0.8125 0.86328125 0.16640625 0.2640625