0 0.24765625 0.43125 0.1046875 0.17109375
0 0.54765625 0.128125 0.0203125 0.0375
0 0.51015625 0.12421875 0.021875 0.0421875
0 0.4640625 0.1203125 0.0265625 0.0375
0 0.40703125 0.12421875 0.02421875 0.046875
0 0.3390625 0.13203125 0.03125 0.05546875
0 0.29140625 0.13671875 0.03359375 0.05546875
0 0.26640625 0.1625 0.04453125 0.07109375
0 0.22578125 0.21796875 0.05546875 0.09765625
0 0.14453125 0.29921875 0.0796875 0.12890625
0 0.04453125 0.4890625 0.0890625 0.19296875
0 0.62421875 0.20546875 0.03125 0.05546875
0 0.64453125 0.2359375 0.03984375 0.06875
0 0.6796875 0.29140625 0.046875 0.078125
0 0.71640625 0.36796875 0.0640625 0.1109375
0 0.78125 0.49140625 0.0890625 0.146875
0 0.89921875 0.7265625 0.1375 0.221875