0 0.51875 0.615625 0.0953125 0.16640625
0 0.47109375 0.1625 0.0265625 0.046875
0 0.44453125 0.16640625 0.0265625 0.0421875
0 0.45234375 0.20078125 0.02890625 0.05546875
0 0.46640625 0.303125 0.03125 0.05078125
0 0.45703125 0.33359375 0.03984375 0.05546875
0 0.45859375 0.384375 0.046875 0.078125
0 0.45859375 0.4703125 0.0625 0.10703125
0 0.40546875 0.6453125 0.09296875 0.1625
0 0.2421875 0.953125 0.153125 0.09140625
0 0.6390625 0.1625 0.03359375 0.0640625
0 0.62890625 0.29453125 0.0421875 0.05546875
0 0.63203125 0.3421875 0.04921875 0.08203125
0 0.69921875 0.39296875 0.06015625 0.09765625
0 0.7546875 0.49140625 0.0796875 0.1265625
0 0.84453125 0.7390625 0.13359375 0.21796875