0 0.003125 0.1421875 0.0046875 0.0078125
0 0.025 0.1484375 0.00625 0.0078125
0 0.04765625 0.15703125 0.0046875 0.0078125
0 0.05078125 0.16875 0.00625 0.0078125
0 0.05625 0.18046875 0.00625 0.0078125
0 0.015625 0.1265625 0.0046875 0.0078125
0 0.0546875 0.13515625 0.0046875 0.0078125
0 0.0734375 0.1421875 0.0046875 0.0078125
0 0.09765625 0.15234375 0.0046875 0.0078125
0 0.1046875 0.16328125 0.00625 0.0078125
0 0.11484375 0.17578125 0.00625 0.009375
0 0.09375 0.1703125 0.00625 0.0078125
0 0.021875 0.13828125 0.0046875 0.00625
0 0.303125 0.5171875 0.0140625 0.01875
0 0.47578125 0.6296875 0.0140625 0.021875
0 0.57890625 0.6140625 0.015625 0.021875
0 0.375 0.3984375 0.00625 0.009375
0 0.3796875 0.38203125 0.0078125 0.0109375
0 0.51640625 0.37734375 0.00625 0.0109375
0 0.51953125 0.39453125 0.0078125 0.0109375
0 0.5703125 0.38671875 0.00625 0.009375
0 0.6296875 0.39140625 0.0078125 0.0109375
0 0.64375 0.375 0.00625 0.009375
0 0.6984375 0.3859375 0.0078125 0.0078125
0 0.73203125 0.39453125 0.0078125 0.0109375
0 0.75390625 0.375 0.0078125 0.0109375
0 0.82890625 0.40546875 0.00625 0.0109375
0 0.8609375 0.40234375 0.0078125 0.0109375
0 0.86484375 0.38671875 0.00625 0.0109375
0 0.896875 0.4171875 0.0078125 0.0109375
0 0.93203125 0.4015625 0.0078125 0.009375
0 0.98515625 0.43125 0.0078125 0.0125