0 0.009375 0.13359375 0.0046875 0.00625
0 0.03125 0.13984375 0.00625 0.00625
0 0.05390625 0.14921875 0.0046875 0.00625
0 0.05625 0.1609375 0.00625 0.00625
0 0.06171875 0.17265625 0.00625 0.0078125
0 0.021875 0.11796875 0.0046875 0.0078125
0 0.0609375 0.12734375 0.0046875 0.0078125
0 0.0796875 0.13515625 0.0046875 0.0078125
0 0.10390625 0.1453125 0.0046875 0.00625
0 0.1109375 0.15625 0.00625 0.0078125
0 0.1203125 0.16875 0.00625 0.009375
0 0.09921875 0.16328125 0.00625 0.0078125
0 0.028125 0.1296875 0.0046875 0.00625
0 0.303125 0.5140625 0.0140625 0.01875
0 0.4734375 0.62890625 0.0140625 0.021875
0 0.5765625 0.615625 0.015625 0.021875
0 0.3765625 0.39609375 0.00625 0.009375
0 0.38203125 0.3796875 0.0078125 0.0109375
0 0.51875 0.37734375 0.00625 0.009375
0 0.52109375 0.39453125 0.0078125 0.0109375
0 0.57265625 0.38828125 0.00625 0.009375
0 0.63125 0.39375 0.0078125 0.0109375
0 0.64609375 0.37734375 0.00625 0.009375
0 0.70078125 0.3890625 0.0078125 0.0078125
0 0.73359375 0.3984375 0.0078125 0.0109375
0 0.75625 0.3796875 0.0078125 0.0109375
0 0.83046875 0.4109375 0.00625 0.0109375
0 0.8625 0.40859375 0.0078125 0.0109375
0 0.86640625 0.39296875 0.00625 0.009375
0 0.8984375 0.42421875 0.0078125 0.0109375
0 0.93359375 0.409375 0.0078125 0.009375
0 0.9859375 0.43984375 0.0078125 0.0125