0 0.10390625 0.296875 0.00625 0.009375
0 0.15703125 0.29765625 0.0046875 0.0078125
0 0.16328125 0.28515625 0.00625 0.0078125
0 0.12578125 0.28515625 0.0046875 0.00625
0 0.13984375 0.2953125 0.0046875 0.00625
0 0.075 0.2953125 0.0046875 0.0046875
0 0.03046875 0.2953125 0.003125 0.0046875
0 0.00546875 0.29453125 0.003125 0.0046875
0 0.0109375 0.29609375 0.0046875 0.0046875
0 0.05859375 0.29609375 0.0046875 0.00625
0 0.021875 0.29765625 0.0015625 0.00625
0 0.00703125 0.271875 0.003125 0.0046875
0 0.0171875 0.2734375 0.0046875 0.0046875