0 0.225 0.58203125 0.0765625 0.0875
0 0.47734375 0.53203125 0.0859375 0.1
0 0.91953125 0.26015625 0.0640625 0.078125
0 0.3296875 0.44921875 0.05625 0.071875
0 0.25 0.3625 0.021875 0.0265625
0 0.53359375 0.34140625 0.046875 0.0578125
0 0.54609375 0.3078125 0.0421875 0.0546875
0 0.44765625 0.321875 0.0375 0.0453125
0 0.47109375 0.27265625 0.0296875 0.0359375
0 0.61328125 0.2359375 0.034375 0.0421875
0 0.89140625 0.165625 0.040625 0.05
0 0.68203125 0.271875 0.03125 0.0390625
0 0.68046875 0.23125 0.0421875 0.05