0 0.1875 0.2515625 0.00625 0.00625
0 0.1953125 0.240625 0.00625 0.0078125
0 0.171875 0.24765625 0.0046875 0.00625
0 0.16015625 0.2359375 0.00625 0.0078125
0 0.1359375 0.24375 0.0078125 0.0078125
0 0.1078125 0.2390625 0.0046875 0.0046875
0 0.09140625 0.2375 0.00625 0.00625
0 0.0640625 0.23203125 0.00625 0.00625
0 0.05546875 0.23203125 0.0046875 0.00625
0 0.04375 0.2296875 0.003125 0.00625
0 0.03828125 0.22734375 0.0046875 0.00625
0 0.05390625 0.20859375 0.003125 0.0046875
0 0.04375 0.2046875 0.003125 0.00625