0 0.08203125 0.6609375 0.0140625 0.0234375
0 0.44609375 0.6203125 0.00625 0.0125
0 0.58046875 0.62734375 0.0078125 0.015625
0 0.715625 0.63125 0.0078125 0.015625
0 0.83515625 0.63515625 0.009375 0.0125
0 0.8171875 0.63828125 0.0078125 0.0109375
0 0.684375 0.6328125 0.009375 0.0125
0 0.65078125 0.634375 0.009375 0.0125
0 0.496875 0.6296875 0.00625 0.0109375
0 0.76171875 0.63671875 0.009375 0.0125
0 0.88515625 0.64140625 0.0078125 0.0109375
0 0.99296875 0.64375 0.0046875 0.015625
0 0.175 0.65859375 0.0109375 0.015625