0 0.22265625 0.57265625 0.075 0.0859375
0 0.47578125 0.53125 0.0828125 0.1
0 0.928125 0.275 0.0625 0.078125
0 0.33125 0.44375 0.053125 0.071875
0 0.25546875 0.35390625 0.021875 0.0265625
0 0.5390625 0.3421875 0.0453125 0.0578125
0 0.553125 0.31015625 0.040625 0.053125
0 0.45390625 0.3203125 0.0375 0.0453125
0 0.47890625 0.271875 0.0296875 0.0359375
0 0.62265625 0.240625 0.034375 0.0421875
0 0.90234375 0.17890625 0.040625 0.05
0 0.68984375 0.27890625 0.03125 0.0390625
0 0.6890625 0.2375 0.040625 0.0484375