0 0.95703125 0.29296875 0.0140625 0.0171875
0 0.78046875 0.33125 0.015625 0.01875
0 0.6328125 0.3640625 0.015625 0.01875
0 0.4421875 0.409375 0.015625 0.01875
0 0.28125 0.4484375 0.015625 0.0171875
0 0.13359375 0.4890625 0.015625 0.0203125
0 0.0359375 0.5046875 0.015625 0.0203125
0 0.22109375 0.45625 0.0140625 0.01875
0 0.17890625 0.4734375 0.015625 0.01875
0 0.35078125 0.428125 0.0125 0.015625
0 0.375 0.415625 0.0125 0.015625
0 0.91484375 0.29765625 0.0140625 0.0171875
0 0.73203125 0.33671875 0.0125 0.015625
0 0.57421875 0.36875 0.0140625 0.0171875
0 0.65390625 0.35703125 0.0140625 0.01875