0 0.078125 0.25625 0.0234375 0.04375
0 0.009375 0.2453125 0.01875 0.0390625
0 0.84765625 0.19765625 0.0203125 0.0328125
0 0.39765625 0.1765625 0.0078125 0.015625
0 0.42265625 0.17265625 0.0078125 0.0140625
0 0.35859375 0.171875 0.0078125 0.0125
0 0.99609375 0.1515625 0.00625 0.0140625
0 0.96171875 0.15546875 0.009375 0.0171875
0 0.9171875 0.15859375 0.009375 0.0171875
0 0.80078125 0.15390625 0.0078125 0.0109375
0 0.74140625 0.16171875 0.0078125 0.0140625
0 0.6859375 0.1609375 0.0078125 0.0125
0 0.01328125 0.1953125 0.009375 0.0171875
0 0.11953125 0.1859375 0.009375 0.0125
0 0.15625 0.1890625 0.0078125 0.015625