0 0.29609375 0.44453125 0.015625 0.0125
0 0.228125 0.43203125 0.0109375 0.00625
0 0.25390625 0.43125 0.0078125 0.0046875
0 0.346875 0.43203125 0.009375 0.00625
0 0.4328125 0.43046875 0.009375 0.003125
0 0.5109375 0.43125 0.0078125 0.0046875
0 0.45078125 0.43203125 0.009375 0.003125
0 0.54296875 0.434375 0.0078125 0.0078125
0 0.61328125 0.4328125 0.0078125 0.00625
0 0.60078125 0.434375 0.0078125 0.0046875
0 0.5828125 0.43359375 0.0078125 0.00625
0 0.65546875 0.4375 0.0078125 0.0078125
0 0.66796875 0.4359375 0.0078125 0.0078125
0 0.684375 0.434375 0.0078125 0.00625
0 0.7640625 0.428125 0.0046875 0.021875
0 0.83046875 0.4359375 0.009375 0.0234375
0 0.93359375 0.4671875 0.009375 0.009375
0 0.8765625 0.46171875 0.009375 0.009375
0 0.88203125 0.48203125 0.015625 0.0078125