0 0.3171875 0.43828125 0.0125 0.0078125
0 0.3390625 0.42890625 0.0046875 0.003125
0 0.2203125 0.42421875 0.0046875 0.0046875
0 0.44609375 0.4328125 0.00625 0.003125
0 0.5421875 0.43828125 0.0046875 0.003125
0 0.60234375 0.4421875 0.0046875 0.0046875
0 0.66328125 0.446875 0.0046875 0.0046875
0 0.21640625 0.4234375 0.0046875 0.003125
0 0.3328125 0.428125 0.0046875 0.003125
0 0.503125 0.434375 0.0046875 0.003125
0 0.6078125 0.43984375 0.0046875 0.003125
0 0.68359375 0.44453125 0.0046875 0.003125
0 0.578125 0.4390625 0.0078125 0.003125
0 0.24453125 0.425 0.00625 0.003125
0 0.425 0.43125 0.0046875 0.003125
0 0.38125 0.42890625 0.0046875 0.003125
0 0.9375 0.4796875 0.0109375 0.00625
0 0.99375 0.50234375 0.0125 0.0078125