0 0.15390625 0.3953125 0.009375 0.00625
0 0.40859375 0.40859375 0.0078125 0.0046875
0 0.31015625 0.40234375 0.0125 0.00625
0 0.26328125 0.39609375 0.00625 0.0015625
0 0.5515625 0.41171875 0.009375 0.00625
0 0.43828125 0.4046875 0.0078125 0.0046875
0 0.6890625 0.421875 0.009375 0.0046875
0 0.7890625 0.46953125 0.01875 0.0109375
0 0.85625 0.4796875 0.0203125 0.0109375
0 0.734375 0.5046875 0.025 0.0125
0 0.38359375 0.40390625 0.0078125 0.0046875
0 0.52265625 0.41328125 0.0078125 0.0046875
0 0.4984375 0.415625 0.0109375 0.00625
0 0.12578125 0.3921875 0.009375 0.00625