0 0.5234375 0.446875 0.015625 0.009375
0 0.890625 0.46796875 0.0078125 0.0046875
0 0.83359375 0.4609375 0.0046875 0.0046875
0 0.771875 0.45546875 0.0078125 0.0046875
0 0.678125 0.446875 0.00625 0.0046875
0 0.73984375 0.45078125 0.0046875 0.003125
0 0.56953125 0.43828125 0.003125 0.003125
0 0.846875 0.46015625 0.0046875 0.0046875
0 0.92109375 0.4671875 0.00625 0.0046875
0 0.90390625 0.4671875 0.0078125 0.003125
0 0.81328125 0.4578125 0.009375 0.0046875
0 0.48359375 0.43359375 0.0046875 0.0046875
0 0.45859375 0.43125 0.0078125 0.0046875
0 0.5734375 0.4390625 0.00625 0.003125
0 0.659375 0.4453125 0.00625 0.003125