0 0.60625 0.3609375 0.0078125 0.0140625
0 0.5609375 0.38828125 0.0078125 0.0140625
0 0.621875 0.4046875 0.009375 0.0109375
0 0.64921875 0.4328125 0.009375 0.0140625
0 0.58125 0.3546875 0.0078125 0.009375
0 0.38359375 0.3296875 0.0125 0.0171875
0 0.1 0.28671875 0.009375 0.0109375
0 0.096875 0.27890625 0.0046875 0.0078125
0 0.10625 0.27578125 0.00625 0.0078125
0 0.16015625 0.2890625 0.00625 0.009375
0 0.14453125 0.28125 0.00625 0.0078125
0 0.12890625 0.2875 0.00625 0.0078125
0 0.1484375 0.27734375 0.0046875 0.0078125
0 0.171875 0.28671875 0.00625 0.0078125
0 0.2640625 0.29609375 0.0046875 0.00625