0 0.5671875 0.46328125 0.009375 0.00625
0 0.6265625 0.4671875 0.0125 0.00625
0 0.6203125 0.4828125 0.0140625 0.009375
0 0.21796875 0.43671875 0.0078125 0.0046875
0 0.3109375 0.4390625 0.00625 0.003125
0 0.0515625 0.434375 0.0046875 0.003125
0 0.07421875 0.4359375 0.00625 0.003125
0 0.178125 0.43671875 0.00625 0.003125
0 0.240625 0.43828125 0.0046875 0.003125
0 0.303125 0.440625 0.00625 0.003125
0 0.32421875 0.4390625 0.00625 0.003125
0 0.24765625 0.4359375 0.0046875 0.003125
0 0.13671875 0.434375 0.0046875 0.003125