0 0.01796875 0.3984375 0.0140625 0.0078125
0 0.103125 0.39609375 0.0109375 0.00625
0 0.11796875 0.37421875 0.0109375 0.00625
0 0.6109375 0.390625 0.0046875 0.003125
0 0.60625 0.38671875 0.0046875 0.0046875
0 0.6453125 0.3875 0.0046875 0.003125
0 0.65234375 0.390625 0.009375 0.003125
0 0.65078125 0.39453125 0.0046875 0.003125
0 0.54453125 0.3890625 0.009375 0.003125
0 0.5640625 0.3875 0.0046875 0.003125
0 0.54921875 0.384375 0.00625 0.003125
0 0.52734375 0.38125 0.0046875 0.003125
0 0.4671875 0.37734375 0.0046875 0.0015625
0 0.44375 0.378125 0.0046875 0.003125
0 0.3421875 0.3734375 0.0078125 0.003125