0 0.915625 0.21640625 0.015625 0.021875
0 0.8921875 0.22109375 0.0109375 0.021875
0 0.83203125 0.2296875 0.0109375 0.021875
0 0.82421875 0.2296875 0.0109375 0.021875
0 0.79140625 0.2375 0.0109375 0.021875
0 0.8890625 0.246875 0.02421875 0.0359375
0 0.85546875 0.2578125 0.03125 0.0640625
0 0.7546875 0.2625 0.015625 0.0203125
0 0.878125 0.265625 0.02890625 0.05078125
0 0.7234375 0.27421875 0.0265625 0.0375
0 0.66796875 0.2953125 0.03359375 0.06015625
0 0.803125 0.3046875 0.03984375 0.07109375
0 0.55546875 0.3296875 0.0359375 0.06015625
0 0.596875 0.3375 0.0359375 0.0640625
0 0.77421875 0.3421875 0.046875 0.0890625
0 0.42578125 0.3859375 0.0375 0.07109375
0 0.1609375 0.5 0.0625 0.09296875
0 0.83671875 0.52578125 0.1046875 0.1796875