0 0.50703125 0.13984375 0.02890625 0.06640625
0 0.56015625 0.14453125 0.0359375 0.07578125
0 0.53359375 0.14453125 0.02890625 0.05546875
0 0.5890625 0.14921875 0.046875 0.078125
0 0.22578125 0.2 0.046875 0.08671875
0 0.15078125 0.20859375 0.0578125 0.09765625
0 0.22109375 0.29140625 0.0640625 0.0890625
0 0.121875 0.3375 0.04921875 0.1203125
0 0.0578125 0.4109375 0.0640625 0.1203125
0 0.40859375 0.453125 0.0640625 0.0890625
0 0.7453125 0.4625 0.0640625 0.1375
0 0.47109375 0.4625 0.0625 0.09765625
0 0.5265625 0.48359375 0.0640625 0.12421875
0 0.65078125 0.5 0.07109375 0.10234375
0 0.70703125 0.51640625 0.04921875 0.10703125
0 0.428125 0.534375 0.0625 0.11328125
0 0.48359375 0.546875 0.07109375 0.10234375
0 0.7546875 0.56328125 0.06875 0.12890625
0 0.6734375 0.571875 0.05078125 0.11328125
0 0.49765625 0.628125 0.078125 0.115625