0 0.4953125 0.11875 0.0265625 0.0359375
0 0.54296875 0.1234375 0.03125 0.046875
0 0.5765625 0.13203125 0.03984375 0.078125
0 0.52109375 0.13984375 0.03125 0.06015625
0 0.20703125 0.18359375 0.046875 0.09765625
0 0.13203125 0.19140625 0.0578125 0.0890625
0 0.2 0.2703125 0.05546875 0.09765625
0 0.09921875 0.334375 0.0734375 0.1203125
0 0.034375 0.396875 0.06875 0.1625
0 0.40078125 0.4578125 0.0640625 0.0890625
0 0.45703125 0.465625 0.0640625 0.08671875
0 0.73359375 0.4703125 0.07109375 0.10703125
0 0.5140625 0.4875 0.053125 0.10703125
0 0.64453125 0.49140625 0.0640625 0.115625
0 0.70234375 0.50859375 0.06875 0.11328125
0 0.4109375 0.5296875 0.07578125 0.1109375
0 0.47109375 0.55546875 0.07578125 0.115625
0 0.66796875 0.56015625 0.0640625 0.11328125
0 0.74765625 0.56328125 0.07578125 0.12890625
0 0.4953125 0.60703125 0.08203125 0.13984375