0 0.2890625 0.21640625 0.03125 0.05546875
0 0.2234375 0.22578125 0.02890625 0.05546875
0 0.29140625 0.2953125 0.03984375 0.07109375
0 0.20703125 0.334375 0.046875 0.08203125
0 0.15703125 0.38125 0.0578125 0.09296875
0 0.46640625 0.453125 0.05078125 0.0890625
0 0.51875 0.4625 0.05546875 0.08203125
0 0.5625 0.47890625 0.05078125 0.09296875
0 0.7625 0.47890625 0.053125 0.0640625
0 0.6796875 0.49140625 0.05078125 0.0890625
0 0.48359375 0.4953125 0.05078125 0.0890625
0 0.72890625 0.50859375 0.05078125 0.09296875
0 0.53125 0.52109375 0.0578125 0.08671875
0 0.6921875 0.5421875 0.0578125 0.10234375
0 0.76640625 0.546875 0.06015625 0.1109375
0 0.54765625 0.571875 0.0578125 0.10234375