0 0.9421875 0.92109375 0.1109375 0.13984375
0 0.6109375 0.9578125 0.13125 0.07109375
0 0.2890625 0.18359375 0.0734375 0.12421875
0 0.13671875 0.2578125 0.078125 0.13984375
0 0.0296875 0.36953125 0.059375 0.1921875
0 0.32578125 0.0421875 0.05078125 0.084375
0 0.2359375 0.05546875 0.0578125 0.10234375
0 0.4953125 0.63203125 0.1 0.1625
0 0.58203125 0.665625 0.09765625 0.17578125
0 0.67578125 0.7125 0.10234375 0.2
0 0.5046875 0.75078125 0.10703125 0.1953125
0 0.91796875 0.80859375 0.11796875 0.1953125
0 0.596875 0.86015625 0.12890625 0.19140625