0 0.17109375 0.10703125 0.06875 0.12890625
0 0.02578125 0.2046875 0.05078125 0.14453125
0 0.39921875 0.55546875 0.09296875 0.1578125
0 0.49296875 0.5890625 0.1046875 0.1734375
0 0.58203125 0.6140625 0.1046875 0.1890625
0 0.95703125 0.6625 0.08203125 0.19140625
0 0.8125 0.665625 0.11328125 0.1890625
0 0.41328125 0.67421875 0.1046875 0.1953125
0 0.91328125 0.70859375 0.115625 0.19140625
0 0.5046875 0.77421875 0.11796875 0.19140625
0 0.846875 0.81640625 0.11796875 0.2265625
0 0.9640625 0.8375 0.0640625 0.20859375
0 0.53125 0.90703125 0.1359375 0.16875