0 0.153125 0.13671875 0.0578125 0.09765625
0 0.0578125 0.1578125 0.0578125 0.09765625
0 0.5 0.02578125 0.0359375 0.05078125
0 0.13203125 0.265625 0.07109375 0.1109375
0 0.55546875 0.03203125 0.03984375 0.0625
0 0.0140625 0.3671875 0.028125 0.140625
0 0.53359375 0.0375 0.03125 0.046875
0 0.59140625 0.0375 0.03359375 0.0734375
0 0.84296875 0.571875 0.09765625 0.1375
0 0.37578125 0.571875 0.084375 0.11796875
0 0.4546875 0.59296875 0.08671875 0.14453125
0 0.53359375 0.6109375 0.1 0.178125
0 0.7234375 0.6109375 0.09765625 0.153125
0 0.8 0.628125 0.09765625 0.1796875
0 0.39453125 0.68359375 0.09296875 0.1796875
0 0.75703125 0.70859375 0.1109375 0.1890625
0 0.87578125 0.7125 0.10234375 0.184375
0 0.48359375 0.7375 0.10859375 0.17109375
0 0.5125 0.85546875 0.121875 0.22421875