0 0.2859375 0.21640625 0.03359375 0.05546875
0 0.2234375 0.22578125 0.03359375 0.0640625
0 0.2859375 0.29140625 0.04453125 0.08203125
0 0.20703125 0.3296875 0.04453125 0.08203125
0 0.153125 0.3859375 0.0578125 0.09296875
0 0.46640625 0.453125 0.05078125 0.08203125
0 0.51875 0.4625 0.053125 0.08203125
0 0.5640625 0.47890625 0.05078125 0.09296875
0 0.6796875 0.48359375 0.053125 0.084375
0 0.48125 0.5 0.053125 0.10234375
0 0.73125 0.5046875 0.053125 0.10234375
0 0.53125 0.52109375 0.05546875 0.09765625
0 0.6921875 0.534375 0.06015625 0.1109375
0 0.76640625 0.5375 0.0625 0.121875
0 0.54765625 0.571875 0.06640625 0.1109375