0 0.38671875 0.0890625 0.04921875 0.10234375
0 0.3 0.09296875 0.05546875 0.09296875
0 0.94453125 0.09765625 0.046875 0.084375
0 0.34921875 0.22578125 0.06875 0.115625
0 0.20703125 0.29140625 0.0796875 0.12890625
0 0.76015625 0.0375 0.03125 0.046875
0 0.0890625 0.39765625 0.09765625 0.14453125
0 0.8203125 0.06015625 0.0421875 0.08203125
0 0.54296875 0.67421875 0.1 0.1625
0 0.79296875 0.06796875 0.0359375 0.06875
0 0.86796875 0.071875 0.04453125 0.07578125
0 0.63203125 0.7296875 0.09765625 0.184375
0 0.72890625 0.77890625 0.10859375 0.1953125
0 0.55546875 0.80859375 0.11328125 0.1953125
0 0.9546875 0.8859375 0.084375 0.19140625
0 0.6453125 0.90234375 0.12890625 0.1796875