0 0.23125 0.153125 0.03359375 0.05546875
0 0.15859375 0.1625 0.0359375 0.0640625
0 0.22890625 0.2296875 0.0421875 0.07578125
0 0.13671875 0.28359375 0.0578125 0.078125
0 0.07421875 0.3421875 0.0578125 0.09296875
0 0.4640625 0.40703125 0.053125 0.08203125
0 0.41328125 0.4109375 0.0578125 0.0890625
0 0.7234375 0.4234375 0.05546875 0.08671875
0 0.51875 0.428125 0.05078125 0.09296875
0 0.634375 0.43671875 0.053125 0.08203125
0 0.6875 0.453125 0.046875 0.1109375
0 0.428125 0.4578125 0.0625 0.1109375
0 0.47890625 0.47890625 0.06015625 0.10234375
0 0.65703125 0.49140625 0.06015625 0.1109375
0 0.72890625 0.4953125 0.05546875 0.10703125
0 0.4953125 0.5296875 0.06875 0.10234375