0 0.17109375 0.153125 0.04921875 0.078125
0 0.0765625 0.17421875 0.04921875 0.084375
0 0.146875 0.28359375 0.06875 0.1109375
0 0.02109375 0.371875 0.0421875 0.13984375
0 0.834375 0.5859375 0.084375 0.121875
0 0.384375 0.5859375 0.084375 0.1265625
0 0.45703125 0.59765625 0.084375 0.1578125
0 0.53125 0.6140625 0.078125 0.1578125
0 0.7140625 0.61875 0.08203125 0.14921875
0 0.79296875 0.64453125 0.08671875 0.14921875
0 0.40078125 0.67421875 0.09140625 0.1734375
0 0.5640625 0.06796875 0.02421875 0.05078125
0 0.865625 0.7125 0.09765625 0.1640625
0 0.74765625 0.71640625 0.09765625 0.16640625
0 0.48125 0.72578125 0.1 0.14921875
0 0.59921875 0.071875 0.03125 0.0640625
0 0.6609375 0.08125 0.03125 0.06015625
0 0.51015625 0.8421875 0.10234375 0.1953125