0 0.11328125 0.1234375 0.0640625 0.10703125
0 0.053125 0.02109375 0.046875 0.0421875
0 0.34296875 0.52109375 0.09765625 0.14921875
0 0.43203125 0.5375 0.1 0.16640625
0 0.896875 0.5375 0.09140625 0.14453125
0 0.52421875 0.56328125 0.09296875 0.1890625
0 0.7453125 0.571875 0.09765625 0.1625
0 0.84140625 0.60703125 0.09765625 0.1796875
0 0.35546875 0.64453125 0.11796875 0.2
0 0.78125 0.7 0.11796875 0.2
0 0.446875 0.7046875 0.11328125 0.184375
0 0.92109375 0.7046875 0.11328125 0.20859375
0 0.46640625 0.86796875 0.12890625 0.21328125