0 0.15703125 0.128125 0.03984375 0.07109375
0 0.0625 0.1578125 0.053125 0.09296875
0 0.1296875 0.265625 0.0625 0.10234375
0 0.0140625 0.37109375 0.028125 0.1390625
0 0.86796875 0.5890625 0.0890625 0.13984375
0 0.45703125 0.6109375 0.0796875 0.13125
0 0.37578125 0.6109375 0.084375 0.13984375
0 0.5390625 0.628125 0.0890625 0.1578125
0 0.73359375 0.63671875 0.09140625 0.1578125
0 0.82421875 0.64921875 0.09296875 0.1578125
0 0.39453125 0.7125 0.09765625 0.184375
0 0.896875 0.72578125 0.10234375 0.1796875
0 0.77109375 0.7421875 0.1046875 0.184375
0 0.4859375 0.753125 0.1 0.1578125
0 0.5140625 0.89296875 0.10234375 0.1890625