0 0.9234375 0.2609375 0.0734375 0.1109375
0 0.846875 0.20859375 0.053125 0.08203125
0 0.76015625 0.20546875 0.0421875 0.06875
0 0.66328125 0.21328125 0.03359375 0.06015625
0 0.5890625 0.21796875 0.03125 0.05546875
0 0.53359375 0.221875 0.0265625 0.0421875
0 0.49296875 0.24296875 0.02421875 0.046875
0 0.3609375 0.32421875 0.03125 0.05078125
0 0.3796875 0.3421875 0.0359375 0.06015625
0 0.3703125 0.3796875 0.0421875 0.06875
0 0.33203125 0.44453125 0.053125 0.08671875
0 0.27421875 0.55546875 0.06875 0.1203125
0 0.15859375 0.79453125 0.11796875 0.19296875