0 0.54765625 0.3203125 0.0265625 0.046875
0 0.50703125 0.29453125 0.02890625 0.046875
0 0.45234375 0.29453125 0.03359375 0.05546875
0 0.3703125 0.29453125 0.0359375 0.06015625
0 0.2640625 0.28203125 0.04453125 0.07109375
0 0.165625 0.29921875 0.0578125 0.0953125
0 0.0625 0.36328125 0.08671875 0.1359375
0 0.665625 0.3796875 0.02890625 0.046875
0 0.6875 0.4140625 0.03359375 0.046875
0 0.68984375 0.44453125 0.04453125 0.0640625
0 0.7109375 0.5046875 0.05078125 0.08203125
0 0.76640625 0.60703125 0.0625 0.10703125
0 0.89453125 0.79921875 0.09765625 0.1578125