0 0.9375 0.221875 0.06015625 0.0890625
0 0.834375 0.20859375 0.04921875 0.0640625
0 0.72578125 0.20859375 0.03984375 0.06015625
0 0.6390625 0.21796875 0.03125 0.05078125
0 0.57890625 0.221875 0.0265625 0.046875
0 0.5359375 0.24296875 0.0265625 0.0421875
0 0.40703125 0.346875 0.03984375 0.05546875
0 0.40078125 0.32421875 0.03125 0.05546875
0 0.396875 0.40234375 0.04453125 0.07109375
0 0.34921875 0.4703125 0.0578125 0.0953125
0 0.2640625 0.628125 0.0796875 0.1375
0 0.1078125 0.91015625 0.14453125 0.17109375