0 0.584375 0.08125 0.02421875 0.05546875
0 0.59921875 0.09765625 0.03125 0.0640625
0 0.615625 0.09765625 0.03125 0.05546875
0 0.6390625 0.12421875 0.046875 0.078125
0 0.65703125 0.17578125 0.0625 0.0953125
0 0.6796875 0.24765625 0.08671875 0.1421875
0 0.82890625 0.3796875 0.14453125 0.23125
0 0.4375 0.14140625 0.0359375 0.0640625
0 0.42109375 0.1796875 0.053125 0.08671875
0 0.3890625 0.25234375 0.07109375 0.1203125
0 0.33671875 0.371875 0.11328125 0.1890625
0 0.15859375 0.68359375 0.21796875 0.353125