0 0.93203125 0.36328125 0.08671875 0.12890625
0 0.82890625 0.29453125 0.0578125 0.0953125
0 0.73359375 0.28671875 0.046875 0.07109375
0 0.62421875 0.29140625 0.03984375 0.06015625
0 0.54296875 0.29453125 0.03125 0.05546875
0 0.4875 0.29453125 0.02421875 0.0421875
0 0.446875 0.31640625 0.0265625 0.03984375
0 0.334375 0.3796875 0.03125 0.046875
0 0.31015625 0.41875 0.03359375 0.05078125
0 0.3078125 0.44921875 0.0421875 0.06015625
0 0.2859375 0.5046875 0.053125 0.08203125
0 0.23125 0.60703125 0.06875 0.1109375
0 0.10546875 0.803125 0.09765625 0.1625