0 0.35546875 0.13671875 0.02421875 0.046875
0 0.33671875 0.15 0.03125 0.05546875
0 0.31796875 0.16640625 0.03984375 0.0640625
0 0.29765625 0.1921875 0.04921875 0.0796875
0 0.27890625 0.2390625 0.06875 0.10234375
0 0.2625 0.32421875 0.09140625 0.15078125
0 0.09140625 0.48359375 0.1625 0.253125
0 0.50234375 0.20078125 0.0421875 0.06875
0 0.51640625 0.2390625 0.0578125 0.09140625
0 0.553125 0.303125 0.0734375 0.12421875
0 0.6109375 0.43125 0.1109375 0.1953125
0 0.8140625 0.76875 0.2203125 0.3734375