0 0.353125 0.13671875 0.02421875 0.046875
0 0.33671875 0.15 0.03125 0.05546875
0 0.3203125 0.16640625 0.0359375 0.0640625
0 0.3 0.196875 0.04921875 0.08203125
0 0.27890625 0.2390625 0.0640625 0.10703125
0 0.2625 0.32421875 0.09296875 0.153125
0 0.09140625 0.48359375 0.1640625 0.2578125
0 0.49296875 0.17109375 0.03125 0.046875
0 0.50234375 0.20078125 0.0421875 0.06875
0 0.51640625 0.2390625 0.05546875 0.08671875
0 0.553125 0.303125 0.07578125 0.12421875
0 0.6109375 0.43125 0.11328125 0.2
0 0.8140625 0.7734375 0.22421875 0.3796875