0 0.56015625 0.10234375 0.02421875 0.03984375
0 0.51640625 0.08984375 0.02421875 0.046875
0 0.46640625 0.08984375 0.0265625 0.046875
0 0.39921875 0.0859375 0.0265625 0.05078125
0 0.3203125 0.0859375 0.03125 0.05546875
0 0.2546875 0.0859375 0.0421875 0.06015625
0 0.19453125 0.12421875 0.053125 0.08671875
0 0.12421875 0.1796875 0.0734375 0.115625
0 0.02578125 0.30546875 0.05078125 0.184375
0 0.65859375 0.20546875 0.03984375 0.06875
0 0.6875 0.25234375 0.04453125 0.08203125
0 0.71640625 0.32421875 0.0578125 0.10234375
0 0.76640625 0.4578125 0.08671875 0.146875
0 0.903125 0.6921875 0.13359375 0.21328125