0 0.9609375 0.4609375 0.07109375 0.1578125
0 0.853125 0.36796875 0.0640625 0.10234375
0 0.73984375 0.35859375 0.04921875 0.07109375
0 0.6296875 0.35 0.0421875 0.0640625
0 0.5453125 0.35 0.03359375 0.05546875
0 0.48359375 0.3546875 0.0265625 0.05078125
0 0.4359375 0.371875 0.0265625 0.046875
0 0.303125 0.4609375 0.03359375 0.05546875
0 0.2890625 0.51328125 0.046875 0.07109375
0 0.24765625 0.571875 0.05546875 0.0953125
0 0.17109375 0.6921875 0.078125 0.1203125
0 0.0359375 0.921875 0.07109375 0.146875