0 0.915625 0.86796875 0.15078125 0.2578125
0 0.76015625 0.5640625 0.09140625 0.153125
0 0.6921875 0.40234375 0.0625 0.10234375
0 0.653125 0.32890625 0.04921875 0.078125
0 0.62421875 0.26875 0.0421875 0.07109375
0 0.603125 0.2390625 0.03125 0.05546875
0 0.5140625 0.1625 0.0203125 0.0421875
0 0.4734375 0.1453125 0.021875 0.046875
0 0.42109375 0.13671875 0.0265625 0.046875
0 0.35078125 0.13671875 0.03125 0.05546875
0 0.2625 0.13203125 0.0359375 0.05546875
0 0.18984375 0.13671875 0.046875 0.07109375
0 0.13671875 0.17578125 0.06015625 0.0953125
0 0.04140625 0.24296875 0.08203125 0.1265625