0 0.56796875 0.16640625 0.03125 0.05546875
0 0.59921875 0.17109375 0.03125 0.05546875
0 0.59921875 0.221875 0.03984375 0.07109375
0 0.603125 0.346875 0.0421875 0.06875
0 0.603125 0.4140625 0.05078125 0.09140625
0 0.621875 0.5046875 0.07578125 0.12421875
0 0.653125 0.7390625 0.10859375 0.19296875
0 0.3578125 0.20859375 0.046875 0.078125
0 0.365625 0.39296875 0.05078125 0.0890625
0 0.34921875 0.47421875 0.07109375 0.115625
0 0.2359375 0.6578125 0.10234375 0.16640625
0 0.153125 0.93125 0.17578125 0.12890625