0 0.78359375 0.76875 0.1046875 0.17109375
0 0.68984375 0.5640625 0.0625 0.1109375
0 0.6390625 0.4578125 0.046875 0.08203125
0 0.6109375 0.39765625 0.03984375 0.0640625
0 0.59140625 0.35859375 0.03125 0.05546875
0 0.603125 0.33359375 0.02421875 0.0421875
0 0.4953125 0.2640625 0.0265625 0.0421875
0 0.45234375 0.2390625 0.0265625 0.046875
0 0.39921875 0.23125 0.02890625 0.05078125
0 0.32421875 0.221875 0.03359375 0.05546875
0 0.22890625 0.20859375 0.0421875 0.05546875
0 0.14453125 0.20859375 0.053125 0.08203125
0 0.09140625 0.2609375 0.0640625 0.10703125