0 0.4734375 0.0859375 0.02890625 0.05546875
0 0.49296875 0.1109375 0.03359375 0.06875
0 0.51640625 0.153125 0.0421875 0.08203125
0 0.553125 0.21796875 0.0578125 0.10234375
0 0.62421875 0.346875 0.08671875 0.146875
0 0.79296875 0.60234375 0.14921875 0.24921875
0 0.2890625 0.10234375 0.03984375 0.06875
0 0.26015625 0.13671875 0.04921875 0.08203125
0 0.23125 0.1875 0.06015625 0.10234375
0 0.1921875 0.26875 0.0796875 0.12890625
0 0.1421875 0.44453125 0.12890625 0.2046875
0 0.07890625 0.85 0.1578125 0.29140625