0 0.4546875 0.0859375 0.02890625 0.05078125
0 0.47109375 0.1109375 0.03359375 0.06015625
0 0.48984375 0.15 0.0421875 0.078125
0 0.5265625 0.20859375 0.053125 0.09765625
0 0.59296875 0.32421875 0.078125 0.13984375
0 0.7359375 0.5390625 0.12890625 0.21328125
0 0.27890625 0.10703125 0.03984375 0.0640625
0 0.25 0.13203125 0.046875 0.0796875
0 0.22109375 0.1875 0.06015625 0.10234375
0 0.18984375 0.25703125 0.07578125 0.12890625
0 0.16328125 0.41875 0.1203125 0.184375
0 0.1078125 0.7734375 0.2 0.3203125