0 0.6421875 0.17578125 0.03125 0.05546875
0 0.65859375 0.20546875 0.03984375 0.06015625
0 0.6875 0.25234375 0.046875 0.07578125
0 0.71875 0.32421875 0.0578125 0.10234375
0 0.76640625 0.4578125 0.084375 0.1359375
0 0.903125 0.6875 0.13359375 0.21328125
0 0.56015625 0.10234375 0.0265625 0.03984375
0 0.51640625 0.08984375 0.02421875 0.03984375
0 0.46640625 0.09453125 0.0265625 0.05546875
0 0.39921875 0.08125 0.03125 0.05546875
0 0.3203125 0.08125 0.03359375 0.06015625
0 0.25234375 0.0859375 0.03984375 0.0734375
0 0.196875 0.1203125 0.05546875 0.0890625
0 0.12421875 0.17578125 0.0734375 0.1203125
0 0.02421875 0.2984375 0.0484375 0.175