0 0.91328125 0.7734375 0.17109375 0.36015625
0 0.76640625 0.47421875 0.121875 0.20234375
0 0.7109375 0.346875 0.078125 0.1265625
0 0.68203125 0.2734375 0.0578125 0.0953125
0 0.65703125 0.23125 0.046875 0.06875
0 0.63671875 0.20078125 0.03359375 0.0640625
0 0.45859375 0.18359375 0.03125 0.05546875
0 0.43984375 0.196875 0.03984375 0.0640625
0 0.42578125 0.23125 0.046875 0.08203125
0 0.4109375 0.278125 0.06015625 0.10234375
0 0.3125 0.3421875 0.0890625 0.146875
0 0.071875 0.51328125 0.1421875 0.24453125