0 0.4546875 0.0859375 0.02890625 0.046875
0 0.47109375 0.1109375 0.03125 0.06015625
0 0.48984375 0.15 0.0421875 0.0796875
0 0.5265625 0.21328125 0.05546875 0.09765625
0 0.59296875 0.32421875 0.078125 0.13984375
0 0.7359375 0.5390625 0.12890625 0.221875
0 0.2765625 0.10703125 0.0375 0.06015625
0 0.25 0.13203125 0.046875 0.078125
0 0.22109375 0.18359375 0.0578125 0.09765625
0 0.1921875 0.25703125 0.078125 0.12421875
0 0.16328125 0.41875 0.11796875 0.1890625
0 0.10546875 0.7734375 0.19765625 0.31796875