0 0.5453125 0.1578125 0.03125 0.046875
0 0.57890625 0.16640625 0.02890625 0.046875
0 0.57890625 0.21328125 0.03984375 0.06875
0 0.584375 0.3421875 0.0421875 0.06875
0 0.5890625 0.39765625 0.053125 0.08671875
0 0.61796875 0.48671875 0.06875 0.1109375
0 0.67109375 0.71328125 0.1046875 0.184375
0 0.3390625 0.1921875 0.046875 0.078125
0 0.3609375 0.37578125 0.05078125 0.08671875
0 0.33671875 0.465625 0.06875 0.1203125
0 0.27109375 0.6203125 0.10234375 0.16640625
0 0.1390625 0.928125 0.16875 0.13359375