0 0.5640625 0.17109375 0.03125 0.06015625
0 0.60078125 0.17109375 0.03125 0.05546875
0 0.59921875 0.221875 0.03984375 0.06875
0 0.603125 0.3421875 0.0421875 0.0640625
0 0.603125 0.41015625 0.05078125 0.0953125
0 0.621875 0.5046875 0.07109375 0.1203125
0 0.653125 0.7359375 0.10703125 0.19296875
0 0.35546875 0.20859375 0.04921875 0.08203125
0 0.36328125 0.39296875 0.05078125 0.08671875
0 0.34921875 0.47421875 0.07109375 0.115625
0 0.2375 0.6578125 0.1046875 0.17109375
0 0.15703125 0.928125 0.17578125 0.13359375