0 0.4546875 0.0859375 0.02890625 0.05078125
0 0.47109375 0.115625 0.03359375 0.06015625
0 0.49296875 0.15 0.04453125 0.0734375
0 0.5265625 0.21328125 0.05546875 0.10234375
0 0.59296875 0.32421875 0.078125 0.13984375
0 0.7359375 0.5390625 0.12890625 0.221875
0 0.2765625 0.10234375 0.0375 0.0640625
0 0.25 0.13671875 0.04921875 0.08203125
0 0.22109375 0.18359375 0.06015625 0.0953125
0 0.18984375 0.25703125 0.0796875 0.12421875
0 0.1609375 0.41875 0.115625 0.184375
0 0.10546875 0.7734375 0.2 0.3203125