0 0.56796875 0.17109375 0.03359375 0.05546875
0 0.59921875 0.17578125 0.03359375 0.05546875
0 0.59921875 0.221875 0.03984375 0.0640625
0 0.603125 0.3421875 0.0421875 0.06875
0 0.603125 0.40546875 0.05078125 0.08203125
0 0.6203125 0.50859375 0.07109375 0.12890625
0 0.653125 0.7390625 0.10859375 0.1890625
0 0.3578125 0.20859375 0.046875 0.08203125
0 0.36328125 0.39296875 0.05546875 0.0890625
0 0.34921875 0.47421875 0.07109375 0.115625
0 0.2375 0.6578125 0.1046875 0.17109375
0 0.15703125 0.93125 0.17578125 0.13359375