0 0.44921875 0.1625 0.03125 0.05546875
0 0.415625 0.1625 0.02890625 0.05546875
0 0.41796875 0.21328125 0.03984375 0.06875
0 0.41328125 0.3421875 0.03984375 0.05546875
0 0.4109375 0.39765625 0.05078125 0.09140625
0 0.37890625 0.49140625 0.07109375 0.115625
0 0.32421875 0.71328125 0.10234375 0.184375
0 0.6578125 0.196875 0.046875 0.08671875
0 0.63671875 0.3796875 0.053125 0.09140625
0 0.6609375 0.465625 0.07109375 0.115625
0 0.72578125 0.6203125 0.10234375 0.1625
0 0.8609375 0.928125 0.16875 0.13359375