0 0.29765625 0.2640625 0.0578125 0.10234375
0 0.47109375 0.2390625 0.0375 0.06875
0 0.48125 0.28203125 0.053125 0.084375
0 0.5390625 0.3421875 0.07109375 0.12890625
0 0.6109375 0.43984375 0.10234375 0.1796875
0 0.7625 0.6921875 0.178125 0.2953125
0 0.43984375 0.115625 0.0265625 0.046875
0 0.28359375 0.08125 0.03125 0.05546875
0 0.29140625 0.1875 0.0359375 0.05546875
0 0.27109375 0.20546875 0.03984375 0.06875
0 0.23984375 0.2359375 0.05078125 0.0734375
0 0.25 0.28671875 0.07109375 0.1109375
0 0.17109375 0.3796875 0.10703125 0.17109375
0 0.0703125 0.62421875 0.13984375 0.30703125