0 0.321875 0.44921875 0.04453125 0.0734375
0 0.15703125 0.41875 0.0359375 0.05546875
0 0.2765625 0.4609375 0.05078125 0.07109375
0 0.2453125 0.534375 0.0578125 0.0953125
0 0.1796875 0.67109375 0.09140625 0.1421875
0 0.09921875 0.91875 0.14453125 0.153125
0 0.32421875 0.39296875 0.03359375 0.05546875
0 0.43203125 0.39296875 0.03125 0.05546875
0 0.43984375 0.41875 0.03984375 0.05546875
0 0.43984375 0.47421875 0.046875 0.08203125
0 0.45703125 0.55546875 0.06015625 0.10703125
0 0.5046875 0.6875 0.08671875 0.1578125
0 0.646875 0.93125 0.15078125 0.12421875