0 0.4109375 0.3078125 0.0625 0.1109375
0 0.578125 0.13671875 0.03359375 0.05078125
0 0.571875 0.17109375 0.0375 0.05546875
0 0.565625 0.221875 0.046875 0.08203125
0 0.58671875 0.29921875 0.0625 0.1109375
0 0.6390625 0.428125 0.08671875 0.146875
0 0.7453125 0.721875 0.1375 0.2359375
0 0.40078125 0.16640625 0.0421875 0.06015625
0 0.38671875 0.20859375 0.04453125 0.078125
0 0.37109375 0.278125 0.05546875 0.0953125
0 0.33671875 0.40546875 0.0796875 0.1375
0 0.29765625 0.6453125 0.12421875 0.20703125