0 0.4953125 0.6203125 0.09140625 0.1625
0 0.41796875 0.32890625 0.04453125 0.0734375
0 0.4109375 0.28203125 0.03984375 0.05546875
0 0.415625 0.153125 0.0359375 0.06015625
0 0.36796875 0.36796875 0.05078125 0.0953125
0 0.3265625 0.49140625 0.078125 0.1265625
0 0.2375 0.6875 0.12890625 0.2046875
0 0.5765625 0.16640625 0.0265625 0.05078125
0 0.60078125 0.1796875 0.0265625 0.05078125
0 0.596875 0.20859375 0.03125 0.05546875
0 0.60078125 0.3078125 0.02890625 0.05546875
0 0.5890625 0.33359375 0.03984375 0.0640625
0 0.603125 0.3890625 0.046875 0.08203125
0 0.6109375 0.47421875 0.0625 0.10703125
0 0.653125 0.628125 0.09140625 0.1578125
0 0.83203125 0.928125 0.1578125 0.1421875