0 0.58671875 0.26875 0.0625 0.1109375
0 0.5796875 0.08984375 0.03359375 0.05546875
0 0.5921875 0.1203125 0.0375 0.06875
0 0.60859375 0.16640625 0.04921875 0.0796875
0 0.63203125 0.24765625 0.053125 0.09765625
0 0.6796875 0.384375 0.08203125 0.13984375
0 0.7453125 0.615625 0.13359375 0.21796875
0 0.4296875 0.12421875 0.03984375 0.06015625
0 0.428125 0.1796875 0.04921875 0.078125
0 0.421875 0.26875 0.0625 0.1109375
0 0.3765625 0.4140625 0.08671875 0.1578125
0 0.24765625 0.71328125 0.14921875 0.25078125