0 0.053125 0.70546875 0.1046875 0.30703125
0 0.0703125 0.346875 0.10703125 0.1625
0 0.178125 0.24296875 0.06875 0.1109375
0 0.5578125 0.1875 0.02421875 0.0359375
0 0.51875 0.17109375 0.02421875 0.0359375
0 0.47578125 0.16640625 0.0265625 0.046875
0 0.4109375 0.1625 0.03125 0.05078125
0 0.334375 0.153125 0.03359375 0.05078125
0 0.27421875 0.1578125 0.0421875 0.0640625
0 0.2359375 0.1921875 0.05078125 0.0796875
0 0.634375 0.25703125 0.03125 0.05078125
0 0.65078125 0.29140625 0.0359375 0.06015625
0 0.6796875 0.3375 0.0421875 0.0734375
0 0.71640625 0.40546875 0.0578125 0.0953125
0 0.76640625 0.52109375 0.08203125 0.1375
0 0.89453125 0.7640625 0.11796875 0.19765625