0 0.35078125 0.89296875 0.14921875 0.20859375
0 0.35078125 0.20078125 0.03984375 0.0734375
0 0.3796875 0.36796875 0.04453125 0.07109375
0 0.35546875 0.428125 0.05546875 0.0953125
0 0.29140625 0.5046875 0.07578125 0.12421875
0 0.1609375 0.70078125 0.1203125 0.19296875
0 0.54140625 0.196875 0.03125 0.05078125
0 0.5703125 0.20546875 0.03125 0.05546875
0 0.5640625 0.24765625 0.03359375 0.0640625
0 0.553125 0.3546875 0.03984375 0.0640625
0 0.57890625 0.39765625 0.046875 0.06875
0 0.58671875 0.4703125 0.05546875 0.09765625
0 0.60546875 0.59453125 0.078125 0.1421875
0 0.67109375 0.9140625 0.14453125 0.1578125