0 0.34921875 0.9140625 0.1578125 0.16640625
0 0.55 0.15 0.03125 0.05546875
0 0.57890625 0.153125 0.03125 0.05078125
0 0.5765625 0.196875 0.0359375 0.06015625
0 0.5703125 0.31640625 0.0359375 0.0640625
0 0.596875 0.36328125 0.046875 0.0734375
0 0.6109375 0.43984375 0.06015625 0.10703125
0 0.63203125 0.58125 0.084375 0.146875
0 0.7234375 0.928125 0.153125 0.13359375
0 0.3578125 0.16640625 0.03984375 0.0734375
0 0.38203125 0.33359375 0.046875 0.08203125
0 0.37578125 0.40234375 0.06015625 0.10234375
0 0.29140625 0.5 0.0796875 0.13359375
0 0.1875 0.70859375 0.121875 0.20234375