0 0.6734375 0.44921875 0.04453125 0.0734375
0 0.83671875 0.4234375 0.0359375 0.0640625
0 0.72109375 0.4609375 0.046875 0.07109375
0 0.75234375 0.534375 0.06015625 0.10234375
0 0.8203125 0.66640625 0.0890625 0.14453125
0 0.90078125 0.91875 0.146875 0.14921875
0 0.67109375 0.39296875 0.03125 0.05078125
0 0.5640625 0.39296875 0.03359375 0.05078125
0 0.5578125 0.41875 0.03984375 0.06015625
0 0.55546875 0.47421875 0.046875 0.08203125
0 0.5390625 0.55546875 0.0625 0.10703125
0 0.49296875 0.68359375 0.0890625 0.1625
0 0.35078125 0.928125 0.15078125 0.13359375