0 0.3890625 0.25703125 0.0796875 0.1359375
0 0.4109375 0.06015625 0.03984375 0.06015625
0 0.42578125 0.10234375 0.04453125 0.0734375
0 0.38203125 0.153125 0.053125 0.0890625
0 0.3265625 0.23125 0.0640625 0.1203125
0 0.29765625 0.39765625 0.10703125 0.184375
0 0.1296875 0.8421875 0.2046875 0.30859375
0 0.5890625 0.05078125 0.03125 0.05078125
0 0.596875 0.0859375 0.0359375 0.06015625
0 0.6078125 0.128125 0.04453125 0.07109375
0 0.6109375 0.20546875 0.0578125 0.10234375
0 0.61796875 0.32421875 0.08203125 0.1375
0 0.65078125 0.5296875 0.115625 0.2046875
0 0.79296875 0.953125 0.1890625 0.08671875