0 0.153125 0.63671875 0.15078125 0.23125
0 0.64921875 0.28203125 0.03125 0.05546875
0 0.6578125 0.3125 0.03359375 0.05546875
0 0.684375 0.35 0.04453125 0.07109375
0 0.71875 0.4140625 0.05546875 0.09140625
0 0.76875 0.52578125 0.0734375 0.1203125
0 0.8765625 0.721875 0.1109375 0.17578125
0 0.57421875 0.21328125 0.021875 0.0359375
0 0.53671875 0.20546875 0.021875 0.0375
0 0.48984375 0.196875 0.0265625 0.0375
0 0.4296875 0.196875 0.02890625 0.046875
0 0.35859375 0.1921875 0.03125 0.05546875
0 0.3125 0.20078125 0.0375 0.06875
0 0.26875 0.2265625 0.046875 0.078125
0 0.22109375 0.2734375 0.0625 0.10234375
0 0.1390625 0.384375 0.09296875 0.146875