0 0.4859375 0.3125 0.046875 0.07109375
0 0.2890625 0.74296875 0.13125 0.221875
0 0.37578125 0.5 0.0796875 0.1375
0 0.41328125 0.384375 0.05546875 0.09765625
0 0.4359375 0.31640625 0.046875 0.08203125
0 0.48359375 0.24765625 0.03359375 0.05078125
0 0.58671875 0.24765625 0.03359375 0.05546875
0 0.60078125 0.2734375 0.03984375 0.06015625
0 0.603125 0.32421875 0.046875 0.08203125
0 0.6109375 0.41015625 0.06640625 0.115625
0 0.665625 0.55078125 0.09296875 0.16640625
0 0.83203125 0.86328125 0.17578125 0.26015625