0 0.32421875 0.44921875 0.046875 0.078125
0 0.32421875 0.39296875 0.03359375 0.046875
0 0.4296875 0.39296875 0.03359375 0.05078125
0 0.4375 0.41875 0.03984375 0.05546875
0 0.4421875 0.47421875 0.046875 0.08203125
0 0.45859375 0.55546875 0.0625 0.1109375
0 0.5046875 0.68359375 0.09140625 0.1625
0 0.64921875 0.93125 0.14921875 0.12421875
0 0.2765625 0.4609375 0.046875 0.07109375
0 0.24296875 0.534375 0.06015625 0.09765625
0 0.178125 0.66640625 0.09140625 0.14453125
0 0.09921875 0.91875 0.146875 0.153125