0 0.34921875 0.9140625 0.1578125 0.16640625
0 0.35703125 0.17109375 0.0421875 0.07109375
0 0.578125 0.20078125 0.03359375 0.0640625
0 0.5703125 0.31640625 0.0375 0.0640625
0 0.596875 0.36328125 0.046875 0.078125
0 0.6109375 0.44453125 0.06015625 0.10234375
0 0.63203125 0.58125 0.08671875 0.146875
0 0.7234375 0.928125 0.153125 0.13359375
0 0.5796875 0.153125 0.02890625 0.046875
0 0.38203125 0.33359375 0.046875 0.08203125
0 0.3734375 0.40234375 0.06015625 0.10234375
0 0.29140625 0.5 0.08203125 0.13359375
0 0.1875 0.70546875 0.12421875 0.2046875