0 0.47578125 0.76875 0.11796875 0.21328125
0 0.29765625 0.13671875 0.0421875 0.07109375
0 0.31015625 0.29140625 0.046875 0.06875
0 0.315625 0.346875 0.053125 0.0953125
0 0.21328125 0.40546875 0.0734375 0.115625
0 0.14921875 0.546875 0.1109375 0.17109375
0 0.48359375 0.1625 0.03125 0.046875
0 0.51015625 0.17578125 0.03125 0.05546875
0 0.5046875 0.20859375 0.03359375 0.06015625
0 0.5125 0.3203125 0.0375 0.0640625
0 0.5 0.3546875 0.0375 0.078125
0 0.4859375 0.41015625 0.05546875 0.0890625
0 0.51875 0.52109375 0.07109375 0.12421875
0 0.58671875 0.76875 0.10703125 0.20859375