0 0.3203125 0.371875 0.0890625 0.153125
0 0.434375 0.08125 0.02890625 0.05078125
0 0.57421875 0.0859375 0.02421875 0.0421875
0 0.5390625 0.0765625 0.021875 0.03984375
0 0.4953125 0.08125 0.02421875 0.0421875
0 0.365625 0.0859375 0.03125 0.046875
0 0.315625 0.10234375 0.03359375 0.05546875
0 0.2890625 0.13671875 0.03984375 0.078125
0 0.2453125 0.18359375 0.05546875 0.09765625
0 0.1875 0.2609375 0.0796875 0.1265625
0 0.06796875 0.43125 0.1265625 0.19296875
0 0.65078125 0.1625 0.03359375 0.05546875
0 0.6703125 0.1921875 0.03984375 0.06875
0 0.69453125 0.24765625 0.05078125 0.08671875
0 0.728125 0.32890625 0.06875 0.10703125
0 0.80546875 0.44921875 0.09296875 0.153125
0 0.928125 0.70859375 0.1375 0.23125