0 0.49296875 0.6109375 0.08203125 0.14921875
0 0.628125 0.36328125 0.0359375 0.05546875
0 0.6109375 0.20078125 0.0265625 0.0421875
0 0.63671875 0.20546875 0.02890625 0.0421875
0 0.634375 0.24296875 0.03125 0.05546875
0 0.646875 0.4140625 0.046875 0.08203125
0 0.67109375 0.50859375 0.06015625 0.10703125
0 0.68203125 0.6578125 0.0890625 0.153125
0 0.7453125 0.90546875 0.146875 0.1796875
0 0.45703125 0.196875 0.03125 0.06015625
0 0.47109375 0.32890625 0.03125 0.0640625
0 0.45703125 0.35859375 0.0421875 0.07109375
0 0.43984375 0.4234375 0.053125 0.0953125
0 0.40703125 0.5046875 0.06875 0.12421875
0 0.3125 0.6875 0.1109375 0.1890625