0 0.84296875 0.63671875 0.14921875 0.23984375
0 0.34921875 0.28203125 0.0265625 0.046875
0 0.33671875 0.3125 0.03359375 0.05546875
0 0.3125 0.35 0.0421875 0.06875
0 0.28125 0.4140625 0.05078125 0.084375
0 0.22890625 0.5296875 0.07578125 0.115625
0 0.1203125 0.721875 0.10703125 0.1796875
0 0.4234375 0.21328125 0.021875 0.0359375
0 0.4609375 0.20546875 0.0203125 0.0375
0 0.50703125 0.20078125 0.02421875 0.0421875
0 0.5640625 0.196875 0.02890625 0.046875
0 0.6390625 0.1921875 0.03125 0.046875
0 0.6859375 0.20078125 0.0359375 0.06015625
0 0.72578125 0.23125 0.046875 0.078125
0 0.7765625 0.2734375 0.06015625 0.10234375
0 0.85546875 0.384375 0.09140625 0.146875