0 0.4109375 0.2734375 0.0640625 0.1109375
0 0.25234375 0.6203125 0.1359375 0.21796875
0 0.31796875 0.384375 0.084375 0.13984375
0 0.36328125 0.25234375 0.05078125 0.10234375
0 0.41796875 0.08984375 0.0375 0.06015625
0 0.40546875 0.1203125 0.03984375 0.06875
0 0.38671875 0.16640625 0.04921875 0.08671875
0 0.565625 0.06875 0.03125 0.05078125
0 0.571875 0.09453125 0.03125 0.046875
0 0.56796875 0.13203125 0.0375 0.0734375
0 0.5703125 0.18359375 0.05078125 0.0796875
0 0.57421875 0.26875 0.0625 0.1109375
0 0.61796875 0.4140625 0.0890625 0.153125
0 0.75 0.70859375 0.1421875 0.24453125