0 0.2953125 0.2640625 0.0578125 0.10703125
0 0.28359375 0.08125 0.03125 0.05546875
0 0.26875 0.20859375 0.046875 0.06875
0 0.23984375 0.2359375 0.053125 0.07578125
0 0.25 0.29140625 0.07109375 0.1109375
0 0.16796875 0.37578125 0.10859375 0.16640625
0 0.06875 0.62578125 0.1375 0.3203125
0 0.4375 0.1203125 0.02890625 0.05078125
0 0.4546875 0.21796875 0.03359375 0.05078125
0 0.47109375 0.24765625 0.0421875 0.06875
0 0.48125 0.28203125 0.053125 0.09140625
0 0.5359375 0.3421875 0.07109375 0.12890625
0 0.6078125 0.43984375 0.09765625 0.17578125
0 0.7640625 0.6921875 0.178125 0.29140625