0 0.678125 0.371875 0.09296875 0.153125
0 0.421875 0.08984375 0.02421875 0.03984375
0 0.45859375 0.08125 0.0203125 0.03984375
0 0.50234375 0.08125 0.02421875 0.0421875
0 0.5625 0.08125 0.0265625 0.05078125
0 0.63203125 0.0859375 0.03359375 0.05078125
0 0.68203125 0.09765625 0.03984375 0.0640625
0 0.70859375 0.13203125 0.046875 0.0734375
0 0.75 0.18359375 0.05546875 0.0953125
0 0.81015625 0.2640625 0.078125 0.13359375
0 0.93203125 0.428125 0.1265625 0.19140625
0 0.346875 0.1625 0.03359375 0.05546875
0 0.32421875 0.196875 0.03984375 0.0640625
0 0.303125 0.24765625 0.04921875 0.0796875
0 0.26875 0.32890625 0.06640625 0.10703125
0 0.18984375 0.44453125 0.09296875 0.15078125
0 0.06796875 0.70859375 0.1359375 0.2265625