0 0.65078125 0.9140625 0.16015625 0.16640625
0 0.6390625 0.17109375 0.0421875 0.078125
0 0.615625 0.33359375 0.046875 0.078125
0 0.621875 0.40234375 0.0578125 0.10234375
0 0.70703125 0.5 0.0796875 0.1375
0 0.81015625 0.70546875 0.12421875 0.2
0 0.446875 0.15 0.03125 0.046875
0 0.41796875 0.153125 0.03125 0.05078125
0 0.42109375 0.196875 0.03359375 0.06015625
0 0.42578125 0.31640625 0.0359375 0.06015625
0 0.40078125 0.36328125 0.046875 0.078125
0 0.38671875 0.43984375 0.06015625 0.10234375
0 0.365625 0.58125 0.08671875 0.146875
0 0.27421875 0.928125 0.15546875 0.13359375