0 0.321875 0.44921875 0.04453125 0.0734375
0 0.1578125 0.4140625 0.0359375 0.05078125
0 0.2765625 0.4609375 0.046875 0.07109375
0 0.2453125 0.534375 0.06015625 0.09765625
0 0.178125 0.67109375 0.0890625 0.1421875
0 0.09921875 0.91875 0.14921875 0.14921875
0 0.328125 0.39296875 0.03125 0.05078125
0 0.4296875 0.39296875 0.03359375 0.05078125
0 0.43984375 0.41875 0.0375 0.06015625
0 0.43984375 0.47421875 0.04921875 0.078125
0 0.45859375 0.55546875 0.0625 0.10703125
0 0.5046875 0.68359375 0.0890625 0.1625
0 0.646875 0.93125 0.14921875 0.12890625