0 0.571875 0.13671875 0.06015625 0.10234375
0 0.5765625 0.05546875 0.03984375 0.06015625
0 0.45234375 0.05078125 0.0375 0.0640625
0 0.43984375 0.08125 0.04921875 0.07109375
0 0.4359375 0.15 0.06015625 0.10703125
0 0.4109375 0.28203125 0.08671875 0.153125
0 0.31015625 0.5296875 0.14453125 0.24453125
0 0.7640625 0.09765625 0.03359375 0.0734375
0 0.634375 0.1453125 0.05546875 0.0953125
0 0.6796875 0.2359375 0.07578125 0.13359375
0 0.76640625 0.43984375 0.121875 0.20234375
0 0.9375 0.9234375 0.11796875 0.15078125