0 0.415625 0.17578125 0.053125 0.09140625
0 0.23984375 0.14140625 0.0375 0.0734375
0 0.3578125 0.18359375 0.053125 0.0953125
0 0.3203125 0.2609375 0.06875 0.1109375
0 0.25 0.4359375 0.1046875 0.17109375
0 0.115625 0.846875 0.2 0.2953125
0 0.41796875 0.09765625 0.0359375 0.05546875
0 0.5359375 0.0859375 0.03984375 0.0640625
0 0.55 0.1203125 0.04453125 0.07109375
0 0.553125 0.18359375 0.05546875 0.09765625
0 0.56796875 0.29140625 0.078125 0.1375
0 0.63671875 0.47890625 0.1203125 0.21328125
0 0.8890625 0.91015625 0.21796875 0.16640625