0 0.60546875 0.25703125 0.078125 0.1359375
0 0.5890625 0.06015625 0.03359375 0.06015625
0 0.5703125 0.09765625 0.0421875 0.084375
0 0.61328125 0.153125 0.053125 0.0890625
0 0.66796875 0.23125 0.06875 0.12421875
0 0.70234375 0.40234375 0.10703125 0.184375
0 0.86796875 0.8421875 0.2046875 0.30859375
0 0.40078125 0.08984375 0.0375 0.0640625
0 0.3890625 0.13203125 0.04453125 0.078125
0 0.38671875 0.20078125 0.0578125 0.10234375
0 0.3796875 0.3203125 0.08203125 0.12890625
0 0.346875 0.52578125 0.11796875 0.20234375
0 0.2046875 0.953125 0.178125 0.08203125