0 0.50234375 0.615625 0.09296875 0.1625
0 0.58203125 0.1578125 0.0359375 0.05546875
0 0.58671875 0.28671875 0.0421875 0.06015625
0 0.5765625 0.32890625 0.04453125 0.08203125
0 0.628125 0.36796875 0.05546875 0.09765625
0 0.66796875 0.49140625 0.078125 0.13125
0 0.75703125 0.6875 0.12421875 0.20859375
0 0.42109375 0.16640625 0.02890625 0.05078125
0 0.39453125 0.17578125 0.0265625 0.0421875
0 0.39921875 0.20859375 0.02890625 0.05078125
0 0.396875 0.3078125 0.03125 0.05078125
0 0.40859375 0.33359375 0.0375 0.0640625
0 0.39453125 0.3890625 0.04921875 0.08203125
0 0.384375 0.47421875 0.0625 0.10703125
0 0.34296875 0.628125 0.09296875 0.1625
0 0.165625 0.928125 0.1578125 0.13359375