0 0.51875 0.8203125 0.12890625 0.2359375
0 0.56015625 0.1625 0.02890625 0.05078125
0 0.5890625 0.17109375 0.02890625 0.05078125
0 0.584375 0.20859375 0.03359375 0.06015625
0 0.5890625 0.3125 0.03359375 0.05546875
0 0.5765625 0.3546875 0.04453125 0.06875
0 0.5765625 0.4140625 0.053125 0.09140625
0 0.596875 0.534375 0.07578125 0.12421875
0 0.70234375 0.8125 0.121875 0.221875
0 0.378125 0.1578125 0.03984375 0.06875
0 0.39921875 0.3125 0.04453125 0.07109375
0 0.396875 0.36796875 0.053125 0.0953125
0 0.3125 0.44921875 0.07109375 0.1203125
0 0.2140625 0.58984375 0.1109375 0.17109375
0 0.04140625 0.93125 0.078125 0.12890625