0 0.44453125 0.2609375 0.046875 0.084375
0 0.44921875 0.1875 0.03984375 0.05546875
0 0.5625 0.18359375 0.03359375 0.06015625
0 0.578125 0.20078125 0.0375 0.0640625
0 0.578125 0.2640625 0.053125 0.084375
0 0.584375 0.36796875 0.07109375 0.12890625
0 0.646875 0.5421875 0.11328125 0.1953125
0 0.8734375 0.9234375 0.2265625 0.146875
0 0.396875 0.26875 0.046875 0.08203125
0 0.28125 0.2265625 0.0375 0.06875
0 0.35703125 0.3421875 0.06015625 0.1109375
0 0.30078125 0.5 0.09296875 0.153125
0 0.184375 0.86328125 0.16640625 0.2640625