0 0.5046875 0.60703125 0.084375 0.153125
0 0.384375 0.20078125 0.02890625 0.046875
0 0.35859375 0.20859375 0.0265625 0.0421875
0 0.36328125 0.24296875 0.03125 0.046875
0 0.37109375 0.36328125 0.0375 0.05546875
0 0.35078125 0.41875 0.046875 0.078125
0 0.3296875 0.50859375 0.06015625 0.10234375
0 0.315625 0.6578125 0.0890625 0.153125
0 0.25234375 0.90546875 0.15078125 0.1796875
0 0.54140625 0.196875 0.03359375 0.06015625
0 0.52890625 0.33359375 0.0375 0.06015625
0 0.5390625 0.35859375 0.046875 0.07109375
0 0.5578125 0.4234375 0.053125 0.09765625
0 0.5890625 0.5046875 0.07109375 0.1203125
0 0.684375 0.6921875 0.1109375 0.19296875