0 0.13828125 0.00625 0.00625 0.0078125
0 0.15703125 0.01875 0.0078125 0.0078125
0 0.17578125 0.034375 0.00625 0.0078125
0 0.175 0.04609375 0.0078125 0.0078125
0 0.1765625 0.05859375 0.0078125 0.009375
0 0.1890625 0.015625 0.00625 0.009375
0 0.2046875 0.028125 0.00625 0.0078125
0 0.225 0.0453125 0.00625 0.0078125
0 0.228125 0.0578125 0.0078125 0.009375
0 0.23359375 0.071875 0.0078125 0.009375
0 0.21484375 0.0609375 0.0078125 0.009375
0 0.15703125 0.0078125 0.00625 0.00625
0 0.3078125 0.45625 0.01875 0.021875
0 0.43671875 0.615625 0.0203125 0.025
0 0.5390625 0.6328125 0.021875 0.025
0 0.4125 0.36484375 0.009375 0.0109375
0 0.42265625 0.35078125 0.009375 0.0125
0 0.55390625 0.38828125 0.009375 0.0109375
0 0.55078125 0.40546875 0.009375 0.0125
0 0.60234375 0.4140625 0.009375 0.0109375
0 0.65625 0.43671875 0.009375 0.0125
0 0.67578125 0.42578125 0.009375 0.0109375
0 0.72421875 0.45234375 0.009375 0.009375
0 0.753125 0.47109375 0.009375 0.0125
0 0.78046875 0.46015625 0.009375 0.0125
0 0.8421875 0.51171875 0.009375 0.0109375
0 0.8734375 0.51875 0.009375 0.0125
0 0.88203125 0.5046875 0.009375 0.0109375
0 0.903125 0.54375 0.009375 0.0125
0 0.94140625 0.53984375 0.009375 0.0109375
0 0.98203125 0.584375 0.0109375 0.0140625