0 0.4421875 0.75625 0.0453125 0.0625
0 0.6234375 0.66953125 0.040625 0.0515625
0 0.06953125 0.64765625 0.034375 0.046875
0 0.13671875 0.3921875 0.021875 0.0265625
0 0.1375 0.359375 0.021875 0.0296875
0 0.3828125 0.27421875 0.021875 0.025
0 0.396875 0.30703125 0.025 0.03125
0 0.48828125 0.26484375 0.0234375 0.0265625
0 0.59609375 0.23984375 0.0203125 0.021875
0 0.61328125 0.20078125 0.0203125 0.0265625
0 0.7203125 0.1890625 0.0234375 0.0265625
0 0.78359375 0.18671875 0.025 0.0296875
0 0.815625 0.13984375 0.025 0.028125