0 0.709375 0.325 0.0296875 0.0359375
0 0.02734375 0.4578125 0.01875 0.021875
0 0.01875 0.4359375 0.0140625 0.01875
0 0.05 0.4234375 0.0140625 0.01875
0 0.12890625 0.409375 0.0109375 0.015625
0 0.18984375 0.39609375 0.0109375 0.0125
0 0.20703125 0.38828125 0.0125 0.0140625
0 0.00859375 0.42890625 0.0140625 0.0171875
0 0.1015625 0.41171875 0.0125 0.0203125
0 0.2265625 0.384375 0.0125 0.01875
0 0.29765625 0.3734375 0.0109375 0.0140625
0 0.34609375 0.36015625 0.0140625 0.0171875
0 0.4203125 0.34609375 0.009375 0.0125
0 0.42890625 0.34765625 0.0109375 0.0125
0 0.46484375 0.33671875 0.009375 0.0140625
0 0.53671875 0.325 0.0109375 0.0125