0 0.821875 0.1875 0.0421875 0.0515625
0 0.2 0.4625 0.0609375 0.071875
0 0.12421875 0.3421875 0.0125 0.0140625
0 0.48359375 0.2125 0.0109375 0.0125
0 0.678125 0.17578125 0.0125 0.015625
0 0.6734375 0.14296875 0.0125 0.015625
0 0.68671875 0.1703125 0.0109375 0.0140625
0 0.71484375 0.1640625 0.0125 0.0140625
0 0.69765625 0.165625 0.009375 0.009375
0 0.728125 0.153125 0.009375 0.0109375
0 0.74375 0.15078125 0.0109375 0.0125
0 0.73828125 0.14765625 0.009375 0.009375
0 0.7828125 0.13515625 0.0109375 0.0125
0 0.778125 0.13515625 0.009375 0.0109375
0 0.79375 0.13671875 0.0125 0.0140625
0 0.80625 0.1296875 0.0125 0.0140625
0 0.82265625 0.11484375 0.009375 0.0125
0 0.82734375 0.1140625 0.0109375 0.0125
0 0.86328125 0.10078125 0.0109375 0.0109375
0 0.87421875 0.10546875 0.0125 0.0125
0 0.8796875 0.0953125 0.009375 0.009375
0 0.88984375 0.08984375 0.00625 0.009375