0 0.78203125 0.26875 0.03125 0.04375
0 0.8453125 0.2234375 0.00625 0.0078125
0 0.85546875 0.22421875 0.0046875 0.00625
0 0.8671875 0.22265625 0.0046875 0.009375
0 0.8671875 0.2265625 0.0078125 0.0078125
0 0.90390625 0.221875 0.00625 0.00625
0 0.91875 0.203125 0.00625 0.0078125
0 0.77890625 0.20078125 0.00625 0.00625
0 0.92265625 0.228125 0.00625 0.0078125
0 0.89140625 0.221875 0.00625 0.00625
0 0.896875 0.225 0.00625 0.0078125
0 0.92578125 0.22734375 0.0046875 0.0078125
0 0.93828125 0.2265625 0.00625 0.009375
0 0.93046875 0.2234375 0.00625 0.009375
0 0.98515625 0.22734375 0.0078125 0.0078125
0 0.96875 0.2234375 0.00625 0.00625
0 0.97109375 0.2203125 0.0046875 0.00625