0 0.13125 0.25 0.00625 0.009375
0 0.184375 0.25703125 0.0046875 0.0078125
0 0.1921875 0.24609375 0.0078125 0.009375
0 0.1546875 0.24140625 0.0046875 0.00625
0 0.1671875 0.253125 0.0046875 0.00625
0 0.103125 0.2453125 0.0046875 0.0046875
0 0.05859375 0.23984375 0.003125 0.0046875
0 0.034375 0.2359375 0.003125 0.0046875
0 0.0390625 0.23828125 0.0046875 0.0046875
0 0.08671875 0.24375 0.0046875 0.00625
0 0.05 0.240625 0.003125 0.00625
0 0.03828125 0.21328125 0.003125 0.0046875
0 0.0484375 0.21640625 0.0046875 0.0046875