0 0.225 0.2109375 0.00625 0.0078125
0 0.23515625 0.20078125 0.0078125 0.0078125
0 0.21015625 0.2046875 0.0046875 0.00625
0 0.2 0.19140625 0.0078125 0.009375
0 0.175 0.1953125 0.0078125 0.0078125
0 0.14765625 0.18671875 0.0046875 0.00625
0 0.13203125 0.1828125 0.00625 0.0078125
0 0.10546875 0.17421875 0.00625 0.0078125
0 0.096875 0.1734375 0.00625 0.0078125
0 0.0859375 0.16953125 0.0046875 0.00625
0 0.08046875 0.165625 0.0046875 0.00625
0 0.09921875 0.14921875 0.0046875 0.0046875
0 0.0890625 0.14375 0.0046875 0.00625