0 0.0921875 0.35 0.0203125 0.0296875
0 0.146875 0.31015625 0.015625 0.021875
0 0.08671875 0.303125 0.0140625 0.01875
0 0.02734375 0.31015625 0.015625 0.01875
0 0.26953125 0.296875 0.0140625 0.01875
0 0.38515625 0.3015625 0.0140625 0.01875
0 0.44609375 0.290625 0.015625 0.0171875
0 0.003125 0.31875 0.00625 0.021875
0 0.2265625 0.30390625 0.0140625 0.025
0 0.56171875 0.2921875 0.0078125 0.0125
0 0.5765625 0.29453125 0.015625 0.015625
0 0.621875 0.28671875 0.0125 0.0171875
0 0.7390625 0.28671875 0.015625 0.0171875