0 0.6796875 0.29453125 0.034375 0.0390625
0 0.0265625 0.53203125 0.0203125 0.0234375
0 0.01484375 0.51171875 0.015625 0.0203125
0 0.04375 0.4953125 0.015625 0.0203125
0 0.11875 0.46875 0.0140625 0.015625
0 0.17734375 0.44609375 0.0125 0.0140625
0 0.19375 0.43515625 0.0140625 0.015625
0 0.00546875 0.50546875 0.0109375 0.0171875
0 0.0921875 0.475 0.015625 0.021875
0 0.21171875 0.428125 0.0140625 0.01875
0 0.28046875 0.40625 0.0125 0.015625
0 0.32578125 0.3859375 0.015625 0.01875
0 0.39765625 0.36015625 0.0109375 0.0125
0 0.40546875 0.3609375 0.0109375 0.0125
0 0.43984375 0.34375 0.0109375 0.015625
0 0.50859375 0.321875 0.0109375 0.0125