0 0.9921875 0.40078125 0.0109375 0.015625
0 0.8109375 0.3984375 0.0125 0.0171875
0 0.66015625 0.39765625 0.0125 0.0171875
0 0.4640625 0.3984375 0.0125 0.0171875
0 0.2984375 0.40078125 0.0125 0.015625
0 0.1453125 0.40703125 0.0125 0.01875
0 0.046875 0.4 0.0125 0.01875
0 0.23828125 0.39453125 0.0109375 0.0171875
0 0.19296875 0.4015625 0.0125 0.0171875
0 0.37109375 0.39609375 0.0109375 0.0140625
0 0.396875 0.38984375 0.0109375 0.0140625
0 0.95 0.39609375 0.0109375 0.015625
0 0.7625 0.39296875 0.0109375 0.0140625
0 0.6015625 0.3890625 0.0109375 0.015625
0 0.68203125 0.3953125 0.0109375 0.015625