0 0.95234375 0.7359375 0.05 0.0671875
0 0.634375 0.57734375 0.0203125 0.034375
0 0.35546875 0.571875 0.0203125 0.0296875
0 0.60078125 0.528125 0.0078125 0.0125
0 0.5171875 0.4953125 0.009375 0.0125
0 0.4875 0.47578125 0.0078125 0.0125
0 0.46484375 0.46015625 0.00625 0.009375
0 0.453125 0.44765625 0.0078125 0.0109375
0 0.43515625 0.43671875 0.00625 0.009375
0 0.98203125 0.50703125 0.009375 0.0125
0 0.896875 0.4859375 0.0078125 0.0109375
0 0.828125 0.46796875 0.00625 0.009375
0 0.78046875 0.45546875 0.0078125 0.009375
0 0.734375 0.44453125 0.0078125 0.009375
0 0.1015625 0.56796875 0.01875 0.028125
0 0.00546875 0.50546875 0.0078125 0.0046875
0 0.0484375 0.484375 0.009375 0.0125
0 0.0765625 0.46484375 0.00625 0.0109375
0 0.096875 0.4515625 0.00625 0.009375
0 0.12109375 0.4390625 0.00625 0.009375
0 0.13359375 0.4296875 0.0046875 0.0078125
0 0.78828125 0.5796875 0.0203125 0.025
0 0.7546875 0.58359375 0.0171875 0.025
0 0.49609375 0.58203125 0.021875 0.03125
0 0.26953125 0.575 0.015625 0.025
0 0.26171875 0.57890625 0.0171875 0.025