0 0.975 0.6703125 0.05 0.075
0 0.64375 0.5578125 0.025 0.0359375
0 0.3671875 0.59140625 0.025 0.0328125
0 0.60390625 0.5140625 0.009375 0.0125
0 0.51640625 0.49296875 0.009375 0.0125
0 0.484375 0.478125 0.009375 0.0125
0 0.459375 0.465625 0.0078125 0.009375
0 0.44609375 0.4546875 0.0078125 0.0109375
0 0.42734375 0.44609375 0.0078125 0.009375
0 0.978125 0.43984375 0.0109375 0.0140625
0 0.89140625 0.43046875 0.009375 0.0109375
0 0.8203125 0.42265625 0.0078125 0.009375
0 0.771875 0.4171875 0.0078125 0.009375
0 0.72421875 0.4125 0.009375 0.009375
0 0.11484375 0.62265625 0.021875 0.0296875
0 0.0109375 0.57421875 0.0078125 0.00625
0 0.05078125 0.54765625 0.009375 0.0125
0 0.07578125 0.52421875 0.0078125 0.0109375
0 0.09375 0.5078125 0.0078125 0.0109375
0 0.11640625 0.4921875 0.00625 0.009375
0 0.12734375 0.48125 0.00625 0.0078125
0 0.796875 0.5390625 0.0234375 0.0265625
0 0.7640625 0.54765625 0.0203125 0.0265625
0 0.5078125 0.58203125 0.0265625 0.034375
0 0.28203125 0.60625 0.01875 0.0265625
0 0.275 0.6109375 0.0203125 0.0265625