0 0.73671875 0.365625 0.0234375 0.0359375
0 0.04453125 0.36953125 0.0203125 0.025
0 0.0421875 0.34453125 0.009375 0.015625
0 0.2140625 0.3375 0.0125 0.01875
0 0.32421875 0.3328125 0.009375 0.01875
0 0.45859375 0.3328125 0.009375 0.0140625
0 0.56875 0.33359375 0.0125 0.01875
0 0.49765625 0.3328125 0.0140625 0.0125
0 0.3734375 0.3296875 0.0109375 0.0171875
0 0.253125 0.33203125 0.009375 0.0203125
0 0.125 0.33359375 0.0109375 0.01875
0 0.03046875 0.33515625 0.0125 0.01875
0 0.071875 0.33828125 0.015625 0.01875
0 0.23515625 0.3359375 0.0109375 0.015625
0 0.45078125 0.33203125 0.0109375 0.015625