0 0.59375 0.35234375 0.00625 0.0140625
0 0.55078125 0.38359375 0.0078125 0.0140625
0 0.61328125 0.39453125 0.009375 0.0109375
0 0.64296875 0.4203125 0.009375 0.0140625
0 0.56796875 0.3484375 0.00625 0.009375
0 0.36953125 0.340625 0.0125 0.015625
0 0.0828125 0.32265625 0.0078125 0.009375
0 0.07890625 0.31484375 0.0046875 0.0078125
0 0.08828125 0.3109375 0.0046875 0.0078125
0 0.14296875 0.31953125 0.00625 0.0078125
0 0.1265625 0.31328125 0.00625 0.0078125
0 0.11171875 0.3203125 0.00625 0.0078125
0 0.13046875 0.30859375 0.0046875 0.0078125
0 0.1546875 0.31640625 0.00625 0.0078125
0 0.246875 0.3171875 0.0046875 0.00625