0 0.475 0.42265625 0.0078125 0.0046875
0 0.97578125 0.46640625 0.0140625 0.009375
0 0.36875 0.43125 0.0140625 0.0078125
0 0.821875 0.4375 0.00625 0.0046875
0 0.73125 0.4328125 0.0078125 0.003125
0 0.6578125 0.42890625 0.00625 0.003125
0 0.7171875 0.43359375 0.00625 0.0046875
0 0.71015625 0.43515625 0.0078125 0.0046875
0 0.65078125 0.43125 0.0078125 0.003125
0 0.62734375 0.428125 0.0078125 0.0046875
0 0.59296875 0.428125 0.0078125 0.0046875
0 0.553125 0.42421875 0.0078125 0.003125
0 0.39140625 0.421875 0.0078125 0.003125
0 0.3859375 0.4203125 0.0046875 0.003125
0 0.2984375 0.41875 0.0078125 0.0046875
0 0.0203125 0.4125 0.00625 0.0046875