0 0.57265625 0.47421875 0.009375 0.00625
0 0.6296875 0.4875 0.0125 0.0078125
0 0.621875 0.5015625 0.015625 0.0109375
0 0.23125 0.39296875 0.0078125 0.0046875
0 0.32265625 0.4109375 0.00625 0.003125
0 0.0671875 0.36484375 0.0046875 0.003125
0 0.0890625 0.3703125 0.00625 0.003125
0 0.1921875 0.3875 0.00625 0.003125
0 0.25390625 0.3984375 0.0046875 0.003125
0 0.31484375 0.41015625 0.00625 0.003125
0 0.3359375 0.4125 0.00625 0.003125
0 0.2609375 0.39765625 0.0046875 0.003125
0 0.1515625 0.378125 0.0046875 0.003125