0 0.4109375 0.33125 0.0078125 0.0140625
0 0.33671875 0.3171875 0.009375 0.0109375
0 0.42734375 0.325 0.009375 0.01875
0 0.33671875 0.3078125 0.0078125 0.009375
0 0.30234375 0.30703125 0.0078125 0.0125
0 0.26015625 0.3015625 0.0078125 0.0109375
0 0.20546875 0.28984375 0.0078125 0.0109375
0 0.13828125 0.284375 0.009375 0.0140625
0 0.11015625 0.278125 0.009375 0.0109375
0 0.00703125 0.30390625 0.0109375 0.028125
0 0.003125 0.26640625 0.00625 0.0125
0 0.8859375 0.5203125 0.0265625 0.028125
0 0.85703125 0.46953125 0.0171875 0.025