0 0.0421875 0.33359375 0.0296875 0.046875
0 0.78984375 0.1421875 0.025 0.034375
0 0.34296875 0.19921875 0.0109375 0.0171875
0 0.3671875 0.19140625 0.0109375 0.015625
0 0.30390625 0.2015625 0.009375 0.0140625
0 0.928125 0.07109375 0.009375 0.015625
0 0.89453125 0.08046875 0.0125 0.0171875
0 0.8515625 0.09140625 0.0109375 0.0171875
0 0.7359375 0.10703125 0.009375 0.0125
0 0.67890625 0.125 0.0109375 0.015625
0 0.62421875 0.13359375 0.009375 0.0125
0 0.07109375 0.25703125 0.0109375 0.0125
0 0.1078125 0.253125 0.009375 0.015625