0 0.14765625 0.47578125 0.0265625 0.0328125
0 0.83046875 0.17578125 0.015625 0.01875
0 0.33828125 0.23984375 0.009375 0.0125
0 0.22421875 0.2671875 0.009375 0.0140625
0 0.115625 0.29609375 0.009375 0.0140625
0 0.83515625 0.10546875 0.0109375 0.0140625
0 0.07109375 0.34296875 0.009375 0.0140625
0 0.71484375 0.2 0.0125 0.015625
0 0.62578125 0.221875 0.0140625 0.015625
0 0.1828125 0.32734375 0.0171875 0.0234375
0 0.01171875 0.3875 0.0140625 0.0171875
0 0.334375 0.2734375 0.015625 0.0203125
0 0.384375 0.2640625 0.0140625 0.015625