0 0.51640625 0.46171875 0.0125 0.0078125
0 0.46171875 0.4578125 0.0109375 0.0078125
0 0.8828125 0.41875 0.00625 0.0046875
0 0.81328125 0.41796875 0.00625 0.003125
0 0.5015625 0.47578125 0.0171875 0.0078125
0 0.89765625 0.4203125 0.0078125 0.0046875
0 0.84453125 0.41796875 0.00625 0.003125
0 0.9640625 0.41796875 0.0078125 0.0046875
0 0.86953125 0.41796875 0.0046875 0.003125
0 0.88046875 0.4140625 0.00625 0.003125
0 0.9109375 0.4125 0.00625 0.003125
0 0.9546875 0.4109375 0.00625 0.003125
0 0.76796875 0.41953125 0.00625 0.003125
0 0.7640625 0.4171875 0.0046875 0.003125
0 0.828125 0.41640625 0.00625 0.003125