0 0.5296875 0.22421875 0.03125 0.053125
0 0.08125 0.18046875 0.0140625 0.025
0 0.10625 0.19921875 0.0109375 0.03125
0 0.2265625 0.1796875 0.0109375 0.01875
0 0.284375 0.18515625 0.015625 0.01875
0 0.403125 0.18359375 0.0078125 0.0140625
0 0.43125 0.18046875 0.0125 0.0140625
0 0.47578125 0.1859375 0.01875 0.0140625
0 0.628125 0.18359375 0.0125 0.01875
0 0.7640625 0.184375 0.0125 0.0171875
0 0.8015625 0.1796875 0.0171875 0.0203125
0 0.83203125 0.1890625 0.0171875 0.0234375
0 0.01015625 0.21484375 0.0203125 0.0296875
0 0.43515625 0.359375 0.028125 0.0421875
0 0.41484375 0.3234375 0.028125 0.046875