0 0.5015625 0.40390625 0.0078125 0.0046875
0 0.240625 0.40234375 0.00625 0.003125
0 0.05 0.4078125 0.0046875 0.003125
0 0.37109375 0.39765625 0.00625 0.003125
0 0.50625 0.39765625 0.00625 0.003125
0 0.525 0.39921875 0.0078125 0.0046875
0 0.63984375 0.39609375 0.0046875 0.003125
0 0.63671875 0.4015625 0.0078125 0.0046875
0 0.6296875 0.39296875 0.0046875 0.003125
0 0.5859375 0.39921875 0.00625 0.0046875
0 0.5796875 0.3953125 0.0046875 0.0046875
0 0.478125 0.3953125 0.00625 0.0046875
0 0.40234375 0.396875 0.00625 0.003125
0 0.0859375 0.40625 0.0046875 0.003125