0 0.1328125 0.284375 0.0234375 0.034375
0 0.42421875 0.20234375 0.0109375 0.0125
0 0.20625 0.1203125 0.0078125 0.0125
0 0.14453125 0.12734375 0.0078125 0.0109375
0 0.86015625 0.44140625 0.0140625 0.0171875
0 0.9015625 0.38671875 0.0078125 0.0109375
0 0.44765625 0.2515625 0.015625 0.0203125
0 0.24609375 0.18359375 0.0140625 0.0171875
0 0.6671875 0.35859375 0.0125 0.015625
0 0.75078125 0.39453125 0.0109375 0.0140625
0 0.39921875 0.2296875 0.0125 0.0171875
0 0.1828125 0.14375 0.0078125 0.009375
0 0.29765625 0.18671875 0.00625 0.0078125
0 0.2484375 0.16875 0.0078125 0.0109375