0 0.4640625 0.434375 0.00625 0.0046875
0 0.05546875 0.42578125 0.00625 0.0046875
0 0.02734375 0.43828125 0.0078125 0.0046875
0 0.12109375 0.42734375 0.0046875 0.0046875
0 0.23359375 0.4296875 0.00625 0.0046875
0 0.371875 0.4328125 0.00625 0.0046875
0 0.5984375 0.44296875 0.0125 0.0078125
0 0.5234375 0.4375 0.00625 0.003125
0 0.66015625 0.4453125 0.0125 0.00625
0 0.1875 0.42734375 0.0046875 0.003125
0 0.04765625 0.42421875 0.003125 0.003125
0 0.3375 0.43046875 0.0046875 0.0046875
0 0.8296875 0.4671875 0.0125 0.0078125
0 0.94921875 0.47265625 0.0125 0.0078125