0 0.55546875 0.45078125 0.0140625 0.0109375
0 0.54296875 0.4671875 0.015625 0.009375
0 0.5 0.45859375 0.009375 0.009375
0 0.27265625 0.4765625 0.0046875 0.0046875
0 0.25859375 0.48046875 0.0078125 0.00625
0 0.2515625 0.48359375 0.0078125 0.00625
0 0.1921875 0.49375 0.009375 0.0078125
0 0.1984375 0.48984375 0.00625 0.00625
0 0.16796875 0.49609375 0.0078125 0.00625
0 0.1328125 0.5046875 0.009375 0.00625
0 0.08984375 0.51171875 0.0078125 0.00625
0 0.50078125 0.4203125 0.009375 0.0109375
0 0.33515625 0.45546875 0.0078125 0.0125