0 0.14296875 0.28203125 0.009375 0.0078125
0 0.30078125 0.325 0.0109375 0.0078125
0 0.45546875 0.37890625 0.0140625 0.0078125
0 0.48671875 0.3828125 0.0125 0.0078125
0 0.4640625 0.3734375 0.009375 0.0078125
0 0.4296875 0.359375 0.0109375 0.0078125
0 0.3375 0.33359375 0.009375 0.00625
0 0.190625 0.29375 0.0109375 0.00625
0 0.55859375 0.40546875 0.0125 0.0078125
0 0.5515625 0.39765625 0.0109375 0.0078125
0 0.61328125 0.4140625 0.0125 0.0078125
0 0.625 0.42109375 0.0125 0.0078125
0 0.61875 0.42578125 0.0125 0.0078125