0 0.51953125 0.4453125 0.015625 0.009375
0 0.8875 0.440625 0.0078125 0.0046875
0 0.8296875 0.4375 0.0046875 0.0046875
0 0.76796875 0.43671875 0.0078125 0.0046875
0 0.67421875 0.434375 0.0046875 0.0046875
0 0.7359375 0.434375 0.0046875 0.003125
0 0.56484375 0.43359375 0.003125 0.003125
0 0.84296875 0.4359375 0.0046875 0.0046875
0 0.91796875 0.4375 0.00625 0.0046875
0 0.90078125 0.4390625 0.0078125 0.003125
0 0.809375 0.4359375 0.009375 0.0046875
0 0.47890625 0.43515625 0.0046875 0.0046875
0 0.45390625 0.434375 0.0078125 0.0046875
0 0.56875 0.434375 0.00625 0.003125
0 0.65546875 0.434375 0.00625 0.003125