0 0.15625 0.42109375 0.0234375 0.0296875
0 0.8765625 0.23203125 0.0125 0.01875
0 0.38125 0.2171875 0.0078125 0.0125
0 0.2640625 0.2265625 0.0078125 0.0140625
0 0.15234375 0.2390625 0.0078125 0.0140625
0 0.89296875 0.1625 0.009375 0.0140625
0 0.10078125 0.27734375 0.00625 0.0125
0 0.759375 0.23671875 0.0109375 0.015625
0 0.66796875 0.2453125 0.0125 0.015625
0 0.21328125 0.2796875 0.015625 0.021875
0 0.03515625 0.3125 0.0125 0.015625
0 0.371875 0.25 0.0125 0.01875
0 0.42265625 0.24921875 0.0125 0.015625