0 0.56484375 0.46484375 0.0125 0.009375
0 0.54921875 0.47734375 0.0140625 0.0078125
0 0.509375 0.459375 0.009375 0.0078125
0 0.28359375 0.42578125 0.0046875 0.003125
0 0.26953125 0.4265625 0.00625 0.0046875
0 0.26171875 0.428125 0.0078125 0.00625
0 0.2015625 0.425 0.0078125 0.00625
0 0.20859375 0.42265625 0.00625 0.0046875
0 0.17734375 0.421875 0.00625 0.00625
0 0.14140625 0.421875 0.0078125 0.0046875
0 0.09765625 0.41875 0.0078125 0.00625
0 0.51875 0.42265625 0.0078125 0.0109375
0 0.34921875 0.41953125 0.0046875 0.0125