0 0.7828125 0.49296875 0.0140625 0.009375
0 0.8390625 0.5046875 0.0140625 0.009375
0 0.26171875 0.39140625 0.0046875 0.003125
0 0.3046875 0.3984375 0.0046875 0.003125
0 0.821875 0.51640625 0.01875 0.009375
0 0.54453125 0.43515625 0.0078125 0.003125
0 0.5375 0.4359375 0.0078125 0.00625
0 0.5578125 0.43515625 0.00625 0.003125
0 0.48671875 0.42421875 0.00625 0.0046875
0 0.48046875 0.4265625 0.0078125 0.0046875
0 0.4578125 0.42109375 0.0078125 0.0046875
0 0.4234375 0.4171875 0.0078125 0.0046875
0 0.1953125 0.396875 0.015625 0.009375
0 0.21953125 0.38828125 0.00625 0.003125
0 0.09765625 0.37265625 0.00625 0.0046875
0 0.12265625 0.3765625 0.00625 0.0046875
0 0.3265625 0.40234375 0.0078125 0.0046875
0 0.2140625 0.38671875 0.0046875 0.003125
0 0.3828125 0.41015625 0.00625 0.003125