0 0.14296875 0.44453125 0.009375 0.00625
0 0.396875 0.421875 0.0078125 0.00625
0 0.2984375 0.4296875 0.0125 0.0078125
0 0.25078125 0.4296875 0.00625 0.003125
0 0.5390625 0.40546875 0.009375 0.00625
0 0.42578125 0.4140625 0.0078125 0.0046875
0 0.6765625 0.39609375 0.009375 0.00625
0 0.78203125 0.4296875 0.0203125 0.0125
0 0.85 0.43046875 0.021875 0.0125
0 0.7328125 0.471875 0.0265625 0.015625
0 0.37109375 0.42109375 0.0078125 0.0046875
0 0.51015625 0.4109375 0.0078125 0.0046875
0 0.48671875 0.41640625 0.0109375 0.00625
0 0.1140625 0.4453125 0.009375 0.00625