0 0.9546875 0.478125 0.0078125 0.0046875
0 0.884375 0.475 0.00625 0.003125
0 0.75546875 0.46328125 0.0078125 0.003125
0 0.71953125 0.46171875 0.0078125 0.0046875
0 0.578125 0.46015625 0.009375 0.0046875
0 0.42890625 0.45859375 0.00625 0.0046875
0 0.353125 0.4546875 0.00625 0.003125
0 0.3671875 0.45625 0.0078125 0.003125
0 0.303125 0.44921875 0.00625 0.003125
0 0.4140625 0.4515625 0.00625 0.0046875
0 0.33828125 0.453125 0.00625 0.003125
0 0.3140625 0.4515625 0.0046875 0.003125
0 0.23828125 0.44921875 0.00625 0.003125