0 0.78125 0.52734375 0.015625 0.0109375
0 0.8359375 0.54609375 0.0140625 0.0109375
0 0.2765625 0.36328125 0.0046875 0.0046875
0 0.31875 0.37578125 0.0046875 0.0046875
0 0.8171875 0.55546875 0.01875 0.0109375
0 0.55234375 0.440625 0.0078125 0.0046875
0 0.5453125 0.440625 0.009375 0.00625
0 0.565625 0.44296875 0.00625 0.0046875
0 0.49609375 0.42265625 0.00625 0.0046875
0 0.4890625 0.42421875 0.0078125 0.0046875
0 0.46796875 0.41640625 0.0078125 0.0046875
0 0.43359375 0.40859375 0.0078125 0.0046875
0 0.21015625 0.3609375 0.015625 0.0109375
0 0.23515625 0.3546875 0.00625 0.0046875
0 0.11640625 0.325 0.00625 0.0046875
0 0.140625 0.33125 0.00625 0.0046875
0 0.33984375 0.38203125 0.0078125 0.00625
0 0.23046875 0.35234375 0.0046875 0.0046875
0 0.39453125 0.39609375 0.00625 0.003125