0 0.47578125 0.42890625 0.00625 0.0046875
0 0.075 0.35 0.00625 0.0046875
0 0.0453125 0.35703125 0.0078125 0.0046875
0 0.13984375 0.3625 0.0046875 0.0046875
0 0.25 0.384375 0.00625 0.0046875
0 0.38515625 0.41171875 0.00625 0.0046875
0 0.60703125 0.4609375 0.0140625 0.009375
0 0.53359375 0.4421875 0.00625 0.0046875
0 0.6671875 0.47421875 0.0125 0.0078125
0 0.2046875 0.37421875 0.0046875 0.003125
0 0.06796875 0.346875 0.003125 0.003125
0 0.35234375 0.403125 0.0046875 0.0046875
0 0.83046875 0.525 0.0140625 0.009375
0 0.946875 0.55078125 0.0125 0.009375