0 0.07421875 0.51171875 0.025 0.0359375
0 0.278125 0.2875 0.0109375 0.0140625
0 0.05 0.33359375 0.009375 0.0125
0 0.00234375 0.37109375 0.0046875 0.0109375
0 0.77421875 0.259375 0.015625 0.0171875
0 0.78046875 0.19140625 0.009375 0.0109375
0 0.32421875 0.3171875 0.015625 0.0203125
0 0.1171875 0.36640625 0.015625 0.0171875
0 0.5671875 0.29140625 0.0140625 0.0171875
0 0.65703125 0.27734375 0.0109375 0.0140625
0 0.27109375 0.32421875 0.0140625 0.0171875
0 0.0421875 0.36640625 0.0078125 0.009375
0 0.1625 0.34140625 0.00625 0.009375
0 0.1109375 0.35234375 0.0078125 0.0109375