0 0.6453125 0.4734375 0.0140625 0.009375
0 0.91484375 0.56171875 0.0140625 0.009375
0 0.975 0.58359375 0.0109375 0.0078125
0 0.2625 0.34921875 0.0109375 0.0078125
0 0.13515625 0.29921875 0.009375 0.00625
0 0.07265625 0.27578125 0.0125 0.0078125
0 0.07734375 0.271875 0.0109375 0.0078125
0 0.16875 0.3015625 0.0046875 0.0046875
0 0.26875 0.334375 0.009375 0.00625
0 0.18046875 0.31015625 0.0078125 0.00625
0 0.2 0.31953125 0.00625 0.0046875
0 0.23359375 0.3328125 0.009375 0.00625
0 0.27421875 0.33984375 0.009375 0.00625
0 0.33203125 0.3578125 0.00625 0.0046875
0 0.3734375 0.38515625 0.0078125 0.00625
0 0.46328125 0.40234375 0.0078125 0.00625
0 0.56875 0.4375 0.0078125 0.00625
0 0.52578125 0.421875 0.009375 0.00625
0 0.396875 0.378125 0.0046875 0.0046875
0 0.66484375 0.46875 0.0078125 0.00625
0 0.83515625 0.52890625 0.00625 0.0046875
0 0.8421875 0.53203125 0.0078125 0.0046875
0 0.69765625 0.48203125 0.009375 0.00625
0 0.78671875 0.5125 0.0078125 0.00625
0 0.4046875 0.38203125 0.0078125 0.00625
0 0.19921875 0.31484375 0.009375 0.00625
0 0.246875 0.33984375 0.0078125 0.00625
0 0.1484375 0.3 0.009375 0.00625