0 0.13203125 0.30078125 0.009375 0.00625
0 0.29140625 0.3359375 0.0109375 0.0078125
0 0.44921875 0.38125 0.0125 0.0078125
0 0.48046875 0.38359375 0.0125 0.0078125
0 0.4578125 0.375 0.009375 0.00625
0 0.42265625 0.36328125 0.0109375 0.0078125
0 0.32890625 0.3421875 0.009375 0.00625
0 0.18046875 0.31015625 0.0109375 0.00625
0 0.55390625 0.40234375 0.0125 0.0078125
0 0.54609375 0.39453125 0.0109375 0.0078125
0 0.60859375 0.4078125 0.0125 0.0078125
0 0.6203125 0.41484375 0.0125 0.0078125
0 0.61484375 0.41953125 0.0125 0.0078125