0 0.63359375 0.43671875 0.0140625 0.00625
0 0.91640625 0.45234375 0.0125 0.00625
0 0.98046875 0.45703125 0.0109375 0.00625
0 0.23203125 0.415625 0.0109375 0.00625
0 0.0953125 0.40078125 0.009375 0.0046875
0 0.02890625 0.39375 0.0125 0.0046875
0 0.0328125 0.3890625 0.009375 0.0046875
0 0.128125 0.39375 0.0046875 0.003125
0 0.23359375 0.4 0.0078125 0.0046875
0 0.1421875 0.39921875 0.00625 0.0046875
0 0.16328125 0.403125 0.00625 0.0046875
0 0.19921875 0.40703125 0.0078125 0.0046875
0 0.240625 0.403125 0.0078125 0.0046875
0 0.30078125 0.40625 0.00625 0.0046875
0 0.34765625 0.421875 0.0078125 0.0046875
0 0.4390625 0.41484375 0.0078125 0.0046875
0 0.55078125 0.421875 0.0078125 0.0046875
0 0.5046875 0.41796875 0.0078125 0.0046875
0 0.36875 0.40859375 0.0046875 0.003125
0 0.65078125 0.42734375 0.00625 0.0046875
0 0.83125 0.44140625 0.00625 0.003125
0 0.8390625 0.4421875 0.0078125 0.003125
0 0.6859375 0.43125 0.0078125 0.0046875
0 0.78046875 0.4375 0.0078125 0.0046875
0 0.37734375 0.41015625 0.00625 0.0046875
0 0.16171875 0.39921875 0.0078125 0.0046875
0 0.2140625 0.4109375 0.0078125 0.0046875
0 0.10859375 0.39765625 0.0078125 0.0046875