0 0.9421875 0.2125 0.0109375 0.01796875
0 0.915625 0.21640625 0.0109375 0.021875
0 0.85546875 0.22578125 0.0109375 0.01796875
0 0.89921875 0.22578125 0.0109375 0.021875
0 0.84921875 0.22578125 0.0109375 0.01796875
0 0.9109375 0.22578125 0.01328125 0.01796875
0 0.8125 0.234375 0.0109375 0.01796875
0 0.915625 0.2421875 0.0203125 0.03125
0 0.77421875 0.246875 0.0109375 0.01796875
0 0.77421875 0.2578125 0.015625 0.021875
0 0.7453125 0.2578125 0.0109375 0.01796875
0 0.878125 0.2578125 0.0203125 0.0359375
0 0.90078125 0.2578125 0.021875 0.0359375
0 0.7453125 0.27421875 0.015625 0.0265625
0 0.6875 0.29140625 0.0203125 0.0359375
0 0.821875 0.3 0.04453125 0.0640625
0 0.57421875 0.3296875 0.03359375 0.05546875
0 0.61328125 0.334375 0.03359375 0.05546875
0 0.79296875 0.3375 0.04921875 0.078125
0 0.44453125 0.38125 0.0421875 0.0640625
0 0.1859375 0.5 0.0578125 0.09765625
0 0.853125 0.52578125 0.11328125 0.184375