0 0.5890625 0.20859375 0.021875 0.0421875
0 0.61796875 0.22109375 0.02421875 0.05546875
0 0.67109375 0.2296875 0.03125 0.046875
0 0.2890625 0.2421875 0.0359375 0.06015625
0 0.2234375 0.24921875 0.0359375 0.06015625
0 0.29140625 0.3125 0.04453125 0.07109375
0 0.20859375 0.35078125 0.04921875 0.08203125
0 0.1609375 0.39765625 0.04921875 0.09765625
0 0.51640625 0.465625 0.05078125 0.06875
0 0.46875 0.47890625 0.05078125 0.084375
0 0.5640625 0.5 0.053125 0.09296875
0 0.7625 0.5 0.0625 0.06875
0 0.678125 0.5125 0.053125 0.08671875
0 0.48359375 0.51640625 0.0578125 0.10234375
0 0.72890625 0.534375 0.05546875 0.09765625
0 0.53125 0.5375 0.0578125 0.0890625
0 0.69453125 0.55546875 0.05546875 0.10234375
0 0.76640625 0.56328125 0.0578125 0.10234375
0 0.54765625 0.5859375 0.0578125 0.11328125