0 0.27109375 0.2125 0.0359375 0.0640625
0 0.2046875 0.2296875 0.03984375 0.06875
0 0.27109375 0.29140625 0.03984375 0.078125
0 0.1859375 0.3296875 0.053125 0.0890625
0 0.134375 0.38125 0.0640625 0.09296875
0 0.45 0.44453125 0.06015625 0.08203125
0 0.5 0.44453125 0.0578125 0.08671875
0 0.54765625 0.465625 0.06015625 0.10703125
0 0.66328125 0.47421875 0.053125 0.09765625
0 0.7140625 0.47890625 0.05078125 0.10703125
0 0.4640625 0.4875 0.06015625 0.10703125
0 0.51015625 0.50859375 0.0640625 0.10234375
0 0.6796875 0.51640625 0.0625 0.1109375
0 0.75234375 0.52578125 0.05546875 0.09296875
0 0.52890625 0.55546875 0.0640625 0.115625