0 0.27890625 0.22109375 0.03359375 0.06015625
0 0.21640625 0.234375 0.03125 0.06015625
0 0.28125 0.3 0.04453125 0.0734375
0 0.2 0.3375 0.046875 0.084375
0 0.146875 0.39296875 0.053125 0.08671875
0 0.45859375 0.4578125 0.046875 0.0890625
0 0.5125 0.465625 0.053125 0.08671875
0 0.5578125 0.48359375 0.05546875 0.10234375
0 0.7546875 0.48359375 0.053125 0.0734375
0 0.67109375 0.49140625 0.04453125 0.08671875
0 0.4734375 0.4953125 0.05078125 0.09765625
0 0.7234375 0.5046875 0.05546875 0.09765625
0 0.52109375 0.5296875 0.053125 0.0890625
0 0.68984375 0.5296875 0.05546875 0.10703125
0 0.7625 0.5375 0.0578125 0.09765625
0 0.54140625 0.571875 0.0578125 0.1109375