0 0.24296875 0.09765625 0.0375 0.06875
0 0.16328125 0.1140625 0.0359375 0.05546875
0 0.22578125 0.2 0.04921875 0.0890625
0 0.115625 0.265625 0.0625 0.10234375
0 0.0359375 0.35546875 0.07109375 0.121875
0 0.43203125 0.43984375 0.0734375 0.115625
0 0.49765625 0.44453125 0.0625 0.09296875
0 0.83203125 0.4578125 0.0640625 0.09296875
0 0.56015625 0.465625 0.07109375 0.1359375
0 0.72109375 0.465625 0.0734375 0.1203125
0 0.44453125 0.5046875 0.0796875 0.14453125
0 0.7890625 0.5046875 0.06875 0.13984375
0 0.5125 0.5421875 0.078125 0.1265625
0 0.7359375 0.546875 0.078125 0.1375
0 0.83671875 0.56015625 0.084375 0.14921875
0 0.52890625 0.628125 0.08203125 0.14921875