0 0.1921875 0.11875 0.04453125 0.078125
0 0.10078125 0.13203125 0.05078125 0.08671875
0 0.17109375 0.2421875 0.06015625 0.10703125
0 0.0390625 0.31640625 0.0734375 0.1203125
0 0.584375 0.0421875 0.03125 0.05546875
0 0.615625 0.046875 0.03125 0.0640625
0 0.3921875 0.5375 0.0796875 0.1375
0 0.4640625 0.5421875 0.078125 0.121875
0 0.834375 0.56015625 0.084375 0.11796875
0 0.5390625 0.56328125 0.08203125 0.153125
0 0.7140625 0.58125 0.084375 0.13359375
0 0.6796875 0.06015625 0.03125 0.0640625
0 0.79140625 0.60703125 0.084375 0.153125
0 0.4109375 0.6234375 0.084375 0.1625
0 0.4859375 0.67421875 0.09140625 0.153125
0 0.73984375 0.67890625 0.09140625 0.16640625
0 0.853125 0.6875 0.09765625 0.16640625
0 0.50703125 0.77890625 0.09765625 0.1953125