0 0.571875 0.93203125 0.153125 0.11796875
0 0.22578125 0.14453125 0.06015625 0.1109375
0 0.2703125 0.01875 0.05546875 0.0375
0 0.071875 0.2296875 0.07109375 0.13125
0 0.17578125 0.0296875 0.0578125 0.059375
0 0.446875 0.59296875 0.1 0.153125
0 0.5390625 0.628125 0.09140625 0.1578125
0 0.62421875 0.6703125 0.10234375 0.1796875
0 0.9859375 0.69140625 0.0265625 0.0734375
0 0.45859375 0.71640625 0.11328125 0.2046875
0 0.86796875 0.7421875 0.1109375 0.184375
0 0.95703125 0.79140625 0.084375 0.19140625
0 0.54765625 0.82109375 0.1203125 0.184375
0 0.896875 0.87890625 0.12421875 0.22421875