0 0.23984375 0.13984375 0.0359375 0.0640625
0 0.1734375 0.153125 0.0359375 0.0640625
0 0.2375 0.22109375 0.0421875 0.06875
0 0.146875 0.265625 0.05078125 0.08671875
0 0.0890625 0.32109375 0.0625 0.09296875
0 0.41796875 0.3890625 0.053125 0.084375
0 0.47109375 0.39296875 0.053125 0.08203125
0 0.72578125 0.4109375 0.05546875 0.06875
0 0.52109375 0.4140625 0.053125 0.09296875
0 0.4359375 0.428125 0.0578125 0.10703125
0 0.6921875 0.43671875 0.046875 0.09765625
0 0.4859375 0.4625 0.0578125 0.0890625
0 0.653125 0.465625 0.06015625 0.1109375
0 0.72890625 0.4703125 0.0625 0.1109375
0 0.5 0.5046875 0.0578125 0.10703125