0 0.23125 0.1140625 0.046875 0.08203125
0 0.15078125 0.128125 0.046875 0.078125
0 0.21875 0.2125 0.0578125 0.09765625
0 0.1078125 0.27421875 0.0734375 0.12890625
0 0.5390625 0.0296875 0.02890625 0.0421875
0 0.03359375 0.35546875 0.06640625 0.10703125
0 0.59140625 0.0375 0.0421875 0.0734375
0 0.4234375 0.43203125 0.0640625 0.09765625
0 0.4859375 0.43984375 0.07578125 0.10703125
0 0.803125 0.44453125 0.07109375 0.10234375
0 0.5453125 0.4625 0.07109375 0.12890625
0 0.70234375 0.47421875 0.078125 0.12421875
0 0.7625 0.4875 0.07578125 0.12890625
0 0.621875 0.05078125 0.03125 0.06875
0 0.4375 0.5046875 0.06875 0.1375
0 0.5 0.534375 0.07578125 0.11796875
0 0.72109375 0.546875 0.078125 0.13984375
0 0.81796875 0.546875 0.0890625 0.14453125
0 0.5640625 0.06015625 0.02890625 0.06015625
0 0.52109375 0.6109375 0.08671875 0.14453125