0 0.21875 0.1234375 0.0359375 0.06015625
0 0.13671875 0.14453125 0.046875 0.08203125
0 0.20703125 0.22578125 0.05546875 0.08203125
0 0.10078125 0.27890625 0.06015625 0.10234375
0 0.03203125 0.3625 0.0640625 0.115625
0 0.47578125 0.43203125 0.06875 0.09765625
0 0.41796875 0.43671875 0.07109375 0.115625
0 0.67578125 0.453125 0.06015625 0.10703125
0 0.53359375 0.453125 0.07578125 0.1359375
0 0.73359375 0.465625 0.06015625 0.13125
0 0.4296875 0.4953125 0.078125 0.1265625
0 0.48984375 0.5125 0.07578125 0.115625
0 0.7859375 0.52578125 0.08203125 0.13984375
0 0.7 0.52578125 0.078125 0.13984375
0 0.51015625 0.59296875 0.078125 0.1375