0 0.3125 0.4578125 0.1046875 0.1359375
0 0.871875 0.47890625 0.11796875 0.17109375
0 0.40703125 0.47890625 0.1 0.17109375
0 0.5 0.5046875 0.1046875 0.1953125
0 0.72578125 0.52578125 0.11328125 0.19140625
0 0.821875 0.546875 0.11328125 0.1890625
0 0.32890625 0.5890625 0.11328125 0.20859375
0 0.07109375 0.06328125 0.09296875 0.1265625
0 0.75703125 0.653125 0.1203125 0.21328125
0 0.42109375 0.6578125 0.121875 0.1953125
0 0.903125 0.6625 0.12890625 0.1953125
0 0.446875 0.81640625 0.13359375 0.25078125