0 0.5625 0.13203125 0.0265625 0.046875
0 0.59296875 0.13671875 0.021875 0.046875
0 0.646875 0.14453125 0.03359375 0.05546875
0 0.24765625 0.1703125 0.03984375 0.06015625
0 0.18203125 0.18359375 0.0375 0.07578125
0 0.24765625 0.25078125 0.046875 0.078125
0 0.1609375 0.29140625 0.053125 0.08203125
0 0.10546875 0.346875 0.05546875 0.1109375
0 0.42578125 0.4109375 0.05078125 0.08203125
0 0.47890625 0.4109375 0.0578125 0.08671875
0 0.73125 0.4109375 0.0734375 0.06875
0 0.5265625 0.428125 0.053125 0.10234375
0 0.6421875 0.43671875 0.05078125 0.0890625
0 0.43984375 0.44921875 0.053125 0.1109375
0 0.69453125 0.453125 0.053125 0.09296875
0 0.48984375 0.47421875 0.0578125 0.09765625
0 0.65859375 0.47890625 0.0625 0.1203125
0 0.73359375 0.49140625 0.0578125 0.10234375
0 0.51015625 0.5296875 0.0734375 0.1109375