0 0.48984375 0.91875 0.13359375 0.14921875
0 0.17109375 0.10234375 0.046875 0.08671875
0 0.071875 0.128125 0.053125 0.09296875
0 0.6328125 0.01640625 0.040625 0.0328125
0 0.59921875 0.02109375 0.0359375 0.0421875
0 0.134375 0.246875 0.07109375 0.1109375
0 0.70546875 0.028125 0.0421875 0.05546875
0 0.3609375 0.628125 0.1 0.13984375
0 0.896875 0.63984375 0.09765625 0.1734375
0 0.44453125 0.64453125 0.09296875 0.1640625
0 0.53125 0.6625 0.09765625 0.1734375
0 0.74765625 0.67890625 0.09765625 0.17578125
0 0.84140625 0.7046875 0.09765625 0.1890625
0 0.37578125 0.7375 0.10234375 0.2046875
0 0.78359375 0.8 0.11328125 0.2046875
0 0.928125 0.8 0.121875 0.21796875
0 0.4609375 0.8 0.10703125 0.1890625