0 0.8265625 0.48359375 0.1046875 0.16640625
0 0.26875 0.4953125 0.10703125 0.1625
0 0.36328125 0.51640625 0.1109375 0.1953125
0 0.45859375 0.52109375 0.10234375 0.1890625
0 0.68203125 0.5296875 0.09765625 0.1734375
0 0.77890625 0.55546875 0.10859375 0.1890625
0 0.29140625 0.61875 0.115625 0.20859375
0 0.0203125 0.0609375 0.03984375 0.121875
0 0.86328125 0.653125 0.11796875 0.20859375
0 0.71875 0.6625 0.115625 0.20859375
0 0.38671875 0.7 0.1203125 0.2046875
0 0.415625 0.86328125 0.13125 0.2421875